-177.06507334569903
-132.94385759254556
-110.2862041703329
-588.9835686055814
-453.63441838420084
-428.2834330113961
-486.8378728628265
-616.0570295875038
-337.79172991297514
-197.61720459026955
-460.51111775918986
-599.5186059876305
-760.2389225421872
-754.3031936032805
-607.5708117386102
-603.8218556171098
-638.1727404316115
-1455.8308082860676
-422.11261866440725
-415.80372230556037
-425.871005971448
-483.1411546707651
-655.878537894614
-621.6895951367486
-445.05301023556274
-443.4007765014438
-311.91405419404464
-452.11513728120656
-515.2320696286806
-434.4555042282056
-534.5841026643163
-401.1040553611823
-512.5715916392194
-454.2920596568199
-476.7961177460844
-412.04235398088565
-490.7172090751511
-412.97059230576286
-354.12334838111855
-374.97381295433877
-353.48605158743294
-349.13233998867986
-350.72867862779196
-479.6623909351159
-419.8842687921752
-547.6725136672212
-451.7064780533184
-393.5532269347018
-324.66479394925636
-581.9431130367199
-621.2574617932718
-388.92839879581965
-358.53268552093743
-474.0126361567437
-524.6526583415655
-835.4202559088081
-473.44228475088454
-584.7452858577534
-718.1639442729006
-541.1861371585132
-452.87874365399324
-372.2453818775395
-219.60587487904252
-335.8760737239768
-187.00105508264784
-334.1173504272274
-305.1049113250856
-256.50837771030956
-296.3038572506585
-335.01417692084783
-213.56387421366315
-215.3470104655899
-191.6788339829149
-263.18057432158093
-192.65754003296308
-287.3995840775692
-322.81074418351886
-268.32512791872676
-222.63391220514325
-226.62733913080558
-174.3600997587447
-342.41304587829393
-199.6530216982495
-227.01765412723944
-288.35136542777605
-250.7191230845384
-353.1952494339557
-204.5250836529098
-204.95576208212537
-187.8891686457051
-204.16768476511206
-375.84931517439975
-261.93887589345394
-231.48777476984952
-218.72805029281082
-205.49501853590172
-459.3366307495804
-180.33198085926213
-95.78903873040437
-350.7617041560562
-362.1733290605667
-167.0265955369219
-47.56999578592833
-144.33955157383787
-228.99096909157123
-347.3868643507384
-162.35320599388083
-234.41858056245243
-164.51955541214878
-137.02019543411092
-157.28321132027145
-32.10124579112059
-165.16646206451026
-44.89355386574924
-157.6725041599168
-208.63129088544935
-198.64220681963116
-200.4343486896227
-196.0388178549452
-163.15218784220863
20.24629844340589
-195.92621676996237
-298.4730983079096
-281.80898907934
-327.92242673473993
-178.58307093350783
-139.27670137941917
-185.71573862614773
-238.31294312811545
-207.10572932683485
-395.0848623774896
-230.19123959448837
-218.58355864181988
-127.16827827751027
-177.958609849404
-180.86654943130657
-249.4691794817975
-125.98549024433927
-188.44089948787604
-168.85326315556375
-114.96003737797228
-110.00800609586645
-164.52670930301895
-308.1915078227677
-202.33189860312882
-175.49760733881368
-115.45190910194913
-150.6236608862256
-192.48952475453086
-236.21554078622538
-202.3646484252723
-214.75471309867012
-145.10909662246274
-282.2872626642751
-149.7313266048926
-208.0818601403396
-193.7395260264597
-191.65021769462268
-164.63941966019178
-154.10400162169026
-189.80293507879716
-151.30927675757192
-181.58422243480518
-159.54700168198116
-214.00213632507433
-185.0336121825601
-163.34055982672749
-296.3781454385936
-151.46031086845883
-195.3815923319412
-172.28567904802026
-167.08547846458754
-174.704244137566
-182.00880953204512
-200.8860421035738
-256.29505610356927
-247.67151249697105
-184.78155653917963
-164.957045354537
-218.45397018694635
-259.9324904285447
-296.8554942041505
-226.67581765931902
-146.5704098731342
-252.9987396618138
-293.3104550412904
-214.38943301112013
-409.6651556266193
-160.66293043784182
-376.1326419239445
-555.3308000963368
-242.64573083789568
-244.08893181350237
-66.75704041187143
-82.7567726845705
-208.8570987232687
-103.10665689938833
-124.53791364066922
-198.9609615130187
-64.82511550862388
-354.3482265241206
-237.68555773505165
-171.54522714272306
-245.3417069765105
-357.208813362132
-277.70227961865027
-225.05913369028232
-415.8889401075304
-537.1336083925852
-361.5786482268826
-513.1838141839573
-267.75099881856346
-243.44369983712477
-551.547066438664
-319.64015653221077
-312.4041692821799
-331.8938347255221
-460.13317582170987
-467.48132357021467
-500.88862645686345
-475.8751584522732
-270.78783796434277
-313.05827668814186
-403.7626235690166
-321.6485049310245
-516.409982951907
-540.56254633261
-402.5139606693696
-505.8405450036753
-690.3267130764407
-611.4588714030215
-454.04935176193607
-300.05122110903994
-214.14517553961662
-274.09764564026983
-82.94283072665891
-312.8437654051801
-234.69366363089046
-460.53988422604675
-480.66302998255196
-364.89343351629
-205.0179992832766
-168.04304849840426
-223.3779494291138
-259.61974389585686
-294.7308684164926
-192.95767664540796
-501.4085119402859
-508.3211105031616
-519.4994308905823
-150.7449570981565
-422.9282882931334
-168.04163382937458
-484.2070713295094
-551.8106835423508
-429.3706057456701
-411.9415450421888
-489.512959413515
-397.6458041614693
-641.9278408835828
-434.00827345113777
-543.8033211973518
-526.6406329226076
-456.74721468236544
-555.3251031008099
-219.13009303387798
-237.2150522899271
-402.3598904392037
-167.25610106916804
-534.8486227972037
-469.65534013615604
-387.29332698913737
-496.82724610309276
-95.07251973485015
-412.1320002254029
-140.85613401961052
-220.6292156469271
-238.366720581505
-450.30347172066763
-114.2977967182731
-179.81536641299851
-238.51747547756574
-109.99101287595644
-200.2444742267102
-332.04728172790504
-425.93258040162857
-187.09393807298505
-262.110147469328
-30.987024521008976
-395.10983847085174
-243.3736461794387
-146.9457167291172
-60.860414359208434
-283.01509568766573
-135.17490517664567
-256.2364168110681
-127.00991836261305
-380.23747012721765
-230.5729386895853
-223.07108735971096
-139.16330740201124
-282.8410576517176
-47.73917614098974
-593.9743119050806
-217.931208104522
-301.3918562844277
-387.1829034251845
-263.4355933818605
-300.02011501894367
-236.06112027030113
-525.4787538324233
-269.7498894454289
-343.3956176427623
-187.17418242075797
-441.0776778034332
-450.5095991814013
-301.6056782689173
-268.9943358661652
-331.3011893832916
-231.01142861259507
-301.1124111714958
-282.1347349541978
-451.10565053975944
-403.01422653345674
-502.2454837268082
-322.5578917107381
-490.84404228153136
-485.7155995519487
-242.75429409594915
-509.689812545845
-468.9893452876842
-151.51404699476407
-6.805287780227928
-389.9638738090714
-312.8210494242744
-116.99934646373329
-122.77845493560869
-426.9510138050729
-442.80891880127973
-388.4553924927617
-347.3168644843172
-356.1531699579297
-533.6021615385514
-214.2945630530532
-407.95619078702225
-382.771013686697
-272.4371864402778
-160.85107528812236
-315.63994494140036
-447.0632887057287
-371.64241746488824
-314.5843193585681
-191.36709581443546
-445.2059441705453
-362.84423548632
-166.44138170888402
-653.4920999012719
-726.8224259624366
-236.56377824165844
-297.1589275060897
-208.07605633472014
-93.8089484895238
-227.95233515891334
-259.0843895027085
-253.8949593784314
-308.73566456341223
-280.8864601197666
-371.048159999856
-74.00082455488082
177.39357980322126
-228.50878195067247
-183.90510272945104
-335.71638990611126
-118.63826852431642
-244.81194919738311
-277.0105498114268
-244.930086305158
-389.74034742938215
-118.56753227143648
-47.36514901365628
-224.96110810832465
-273.9692708841945
-444.80080736349476
-195.03133693441595
-422.00837968893927
-410.14082916070043
-215.53604507404222
-274.59019851315236
-192.1032899992092
-199.05103483824865
-131.89948234267646
-238.01058883266748
-820.8333474914859
-211.3844181830038
-124.29575528520955
-254.90410870968685
-158.5110234123697
-56.982745640593144
-220.72975444744762
-229.50032457069304
-461.580136256368
-167.8319823062635
-54.631935195378475
-234.69468082291746
-173.47689763745785
-235.59670876046698
-252.2048148600696
-204.372310105848
-118.6005413511975
-185.40758525683685
-55.98277747984059
-149.52146837915024
-152.91834400426154
-213.53487735118665
-217.19803362201975
-178.5028523856345
-274.5443353404605
-273.48181148710995
-92.32611536603956
-396.2812704298455
-297.3626652614911
-39.661994615966236
-91.87697901135296
-234.14065819294515
-261.62204041190375
-186.54976292581506
-101.78363702678018
-251.58892759790103
-69.5482956145014
-235.00900587312972
-111.92552136865831
-88.19796634556863
119.79789669479538
-43.26759309341761
163.52649531404768
-80.95575574534973
-108.39747950218168
-326.28385094695284
-357.57350544603423
-115.22895092911618
-443.9804640993623
-45.98267805673366
-67.11816651400076
-142.43807538158705
-99.76954689280734
-44.66145242188911
4.5832413302033075
-253.09135373614313
-273.9262254081816
-78.98619769684748
-35.5699505721952
-145.26729817435654
-231.58046798285227
171.55414078436974
-129.2734111308062
-330.1016895035351
27.91123849797546
-308.6333761193368
-51.3727600671343
-94.09231600503404
-109.44900201443937
45.73264166865769
-166.66071022472022
-83.74630133967256
8.494476389726373
-403.6765599657353
-198.44754700010054
219.0230032425729
200.66162533918316
151.66776912535911
-137.7216290516523
67.24846187859686
226.12053826538
-90.73004510119291
-113.03526227636188
-105.41898375338795
-187.9051746477602
-333.2618385271211
-103.86627681119259
-80.1400642720308
-142.0300468290065
-123.90215814393366
238.19598604445451
23.698486643165353
-399.8868728164219
-73.26947071347337
-98.90178254491022
-9.233778443302114
-862.5335559076287
-230.6739071761134
-1043.1565822723712
184.0511796116583
-668.3754242178513
11.287654108907333
108.85216117042002
-1010.3635937504455
95.51975018088105
157.27081665231728
-49.36305470825726
-51.21391001275665
-70.96925174985745
281.890157684213
110.07318852436565
-24.168707454390315
92.71599721761477
60.91928593236669
-208.13993875270944
2.713229849715418
18.239897028072463
-25.86057962096355
-777.9840455204003
-261.46923705722963
-346.6127813349629
-398.3447831427478
-405.2626777133888
-357.7952017568523
-1127.0291982705714
-482.6424464020464
-423.11780941048517
-765.8381135702369
-1351.013098013486
-1228.0586450319574
-149.72827078158696
-132.29790362561903
-1642.4486835049927
173.00364341631703
-1055.1327885971436
-38.503702941798764
-107.32438416595679
-59.46704857988716
-31.5875060156407
-145.38168392395357
-461.0104109152662
177.4315572431938
-22.428956972654234
235.40551511726403
-1232.954167245264
169.32585804954948
215.22563963486465
163.11212604062595
170.704892771559
-592.7882204068512
-516.7841828358701
209.1106722315132
190.6379258045887
44.03414800156963
-362.8051380003576
164.78402984303722
212.80500490354962
-7.13524298229845
23.801972798162552
233.16637231374403
212.44211105522982
237.13690281868722
-21.588410255023362
-22.475953470945214
209.43580003240066
161.6627745103873
136.7814729436551
184.59308400775308
164.62149906317575
210.56450299591495
131.33048269814535
170.1560125714924
12.982587233393772
-312.2743129540834
238.48811656159083
23.00209768902286
254.09816131805417
-37.95455623553938
131.7397084267974
104.96891507258765
-544.3178335034986
97.31069239561464
-170.75029090904974
-71.57812720267975
-309.0318202993816
-227.46828764617175
-0.836108509496782
32.98980337932184
-320.25723328907543
50.24167815103723
95.33851551266432
-219.84989469468462
-149.04674249658694
-134.22202544205098
-149.48517581184112
211.51202138036763
117.56404074145814
-28.52242962214183
-277.4218944823119
-214.4088926432908
-106.60154251820393
39.86045328022142
-256.69883675705194
-343.46967343882267
-1037.2615039534558
-78.82401775014208
-484.74608703980726
-87.87791276264085
-512.1600236674988
-193.2100344330508
-978.2040474401235
-346.18580586095584
-160.07320187313377
-1829.2257327831876
-240.61708308056276
-207.05908013759674
-215.34163946621817
151.1494489308301
144.44084691747634
-261.87479542797996
-119.27061134636764
6.257891685431133
-18.238287048279346
181.97731692682686
-692.035278837308
174.30878162036106
-361.90479437504587
118.25615059022725
49.23459409236254
212.87117658027512
137.92859668081482
194.55705964694397
115.93798363997159
173.33879129125097
150.57661091719785
149.34843816990616
64.2578372458442
-269.61303280753725
142.83117457925917
25.11105678760427
189.60009345239712
-220.40380517527848
-2435.672082575378
-217.017166958309
-306.69838845577266
-202.93873626002744
185.27218099503358
239.14534430136217
106.00717384635041
200.14391489470813
-179.70730533069988
-56.15957360461351
201.35137534505108
148.58536503614994
-195.84358027833122
196.86045490487373
-224.4408006501061
-296.8354488445608
-190.26893334916542
200.86154933818764
202.56782082858808
-256.68834354387434
207.65993442230246
196.90914269430993
207.12953441755408
205.42684644813775
161.8428419296873
68.27378497250712
-52.497221871286854
13.730282207671621
-100.0960577961192
-384.30670429357065
-1990.4700576533655
-1240.5603136739985
-237.490328557434
-552.5014939810569
147.79452854409706
-3017.496730618133
-8034.666428670123
26.946959811012718
-187.41491786501956
-691.6381618816174
-366.7236654529362
-200.95422101350127
-358.3871176302953
-256.65970211385354
-179.012880037535
-175.6885032624943
-279.5177568366085
-189.30917272204428
-173.86790106703626
-860.8825992155338
-122.17008929028147
245.30585143747047
222.54233274060988
-513.1074843653729
-207.3470399443167
-156.08548577710465
-186.5100876858614
-326.9598610102921
-259.8117433215449
-235.39508331120786
-329.448850086402
-194.66503102278668
-264.87462453295564
185.8381914267986
206.6950094006988
260.1535897088638
-195.31985630063411
-206.47741070064288
-236.9038236922745
166.2183952387666
-219.12781987110665
220.3239014406861
-192.08715588093526
-266.841030259799
200.53163522377903
-265.2060976092156
-224.2979903060659
134.43420914041133
-104.51250846059762
-58.673824827443966
-279.57953416855645
-180.13761758181406
-189.692391017585
-245.64174797690612
-536.8591323633032
175.85059907166448
321.714096443947
-246.50234508935893
-221.80064180814793
-158.89017895678904
-224.67452793566878
-226.35945435014955
-432.3923236816311
-216.79106614472272
-1696.5458930751417
-326.15336423529305
-12.148367083478206
33.73010919942274
295.1203764608907
69.30056556047732
85.48678661271494
-512.7854665938553
-449.7910161797873
-708.7580946755402
-821.8708027572436
-206.10179231033055
136.68626630552578
-178.37423020390048
21.273478381114245
-162.61703417988355
-151.13912408967929
-723.6864160735797
-146.9852076655782
201.3007941019022
-172.36600752104948
264.52759118142023
189.4474214531811
-113.58494886865299
-118.9783616103926
228.53252591670275
-45.3086384412165
-319.76424410119284
-196.04839006636917
-630.1067766516834
-167.37433790449154
-37.544919243266996
18.095689466876806
-320.90289851161714
-226.99345410015184
-214.23205027323831
-189.42926702821134
238.6618850447922
180.76419859847425
213.31416791033428
206.77207008044445
216.9600289414401
209.48470663382767
274.24316122926473
265.42929986059573
52.46421592877463
195.97543000945478
253.40335291018056
-27.571771782186417
79.13919000011585
153.35510229429832
241.28577847986597
228.8989839231639
-227.4786985979903
12.209772371808242
276.10097201082635
197.2192982341509
284.9743957342737
-437.58909702808893
-304.8834682040491
231.82847999369298
-180.72930142815528
240.96505954252166
233.72275920907384
262.4352491951551
30.771224429282995
-16.342511968814193
24.641101997008178
260.93714056596866
243.4470207773185
237.65902632963255
260.6937500790333
116.08079227726844
193.84803122949467
214.28332077156122
136.8549621620258
196.63104325857768
73.43438147512138
233.94008785092436
157.98460811525217
258.3452900601871
245.5475459102981
268.1226694194029
-431.87949467001033
-27.420222315931014
227.5675302760041
241.68684846717505
251.19340337629606
264.168962265447
-73.57616361026831
-257.1050068974346
-203.2848234358725
210.01860923481956
287.0662262901427
201.81440105391738
257.9430379736724
231.00089989792508
222.07180979993106
253.62919866481204
273.4419127348335
31.725737084636904
-34.635013240958074
237.53476021310343
216.0841401775945
-192.89142431631598
256.99759662387703
205.607371664864
262.26368207866483
229.0596805478475
-653.4319835339796
201.17557927891258
225.5708085930218
30.374977808618496
-12.136635080418017
6.193576012152988
267.6251992557767
286.2821781555507
207.133639577022
47.18507201858465
162.4584621667883
211.38444280426347
240.1084603158185
212.4674070405325
269.5747935749008
241.02087325958573
268.1638996774089
250.1999364882798
2.73160730878746
-45.91194174938817
239.82688484251074
244.11281306931633
248.18575863309266
268.6783033131982
282.0993770677866
228.33181687392894
285.3368459440601
15.305506258574752
279.1562926563842
241.58018826209909
-4.816515314494353
276.74984230596664
240.09934338671073
210.858252563362
101.65780318989832
201.8558863793508
232.63893890486065
261.0131481326275
237.71262354285219
261.1526204838444
39.72361079559525
253.11707688862128
258.0021908084584
243.3717186806279
239.0146585371408
242.4124450954916
262.45718970200846
128.75761459696747
45.87223486002358
227.36371882792474
279.8229650465339
266.60257157737294
258.4046160635849
247.34241238824083
245.76871305826955
208.96530465279125
195.5974375495575
246.8940565224575
264.3492457455566
273.7307452292382
238.76244318293095
48.46879394875947
229.8222644487084
226.17762587262771
269.79879215055064
176.37794135315727
256.51825311811126
232.5599008323683
260.3209150600925
183.66068404342064
282.38925365248076
237.85802346362365
205.88623543811443
-203.95527372607143
255.01093940688335
264.5034398290345
183.34352315119568
226.8789383447092
146.28881210160966
48.10679011340139
-12.623450748933351
-44.12604030658261
-54.74761309219717
24.76747908241144
230.37130552567888
-114.4905364892849
248.83574637258516
235.29269968065233
193.1496910044226
242.38281993219468
276.2666741117697
-15.393563756479821
226.6749057437787
264.3941327417896
271.21273918142333
248.7043792782439
234.9177837792336
244.29292269675923
232.62645658911222
253.08551059030916
228.83647402622057
154.16357177689292
245.46916127783425
225.46144018476792
202.33603859948403
67.52918113474286
261.97194017988863
243.09930345764002
253.426189519329
51.82970720184181
-8.392490867779642
11.469130322789695
210.4629218158258
274.48981332627216
243.9385749727543
266.60319362309485
-192.5865061202914
140.13595466370305
279.48086885832475
238.0961493399064
273.93680097238075
242.3944745952606
250.65437180279474
246.40792633269285
227.34113185993726
282.5221931701449
48.100765209407854
224.85899543138106
258.74517766330285
15.614592606130387
259.7118424986365
260.57762219510596
261.7616306242877
-134.24107664298378
199.50748623935482
-50.37943776138435
-25.176790942693756
223.81633781760377
141.56225015115095
241.3483139033213
246.0750041559963
216.62501590449583
191.00600174811316
275.71420727142305
231.51623288048458
-355.26194163083335
247.96309278807126
238.116108370907
-130.13330680927686
226.50324845641632
231.3799752453979
222.27324078463778
227.66149321078223
222.82785008601866
-15.695782552406527
-445.28048904131145
299.4136021850241
202.55171665400854
-113.23846081148022
218.3992813642117
218.68356750401583
248.7583242441889
57.80269935229669
-506.4410279928187
86.26093837495726
213.07029961101975
244.2941720553119
-3283.8238468131167
39.012646619314864
-20.342245764075543
-67.40091047685164
240.67995507624784
-795.3784372412913
-329.711887701794
269.606135291457
-180.74695345351716
221.50787768427398
-355.11231749623215
123.68301781370783
281.49862054720705
256.9376280567968
261.18823501543244
251.6553591404283
-133.24089658303262
225.40375559945025
282.77820980995756
-125.50702357737973
263.67738596344594
-170.2584772862255
-104.20243994345594
-137.92265853057057
68.47291161530504
271.7130151848595
247.58300857614273
-103.06537798534563
245.3512432331224
231.28067486664798
202.66160762794158
-919.1517344582139
-1107.19671286546
247.2115985646784
-28.247447004625855
256.2366526129214
238.45065861503696
267.6653116269989
-300.46547342211994
-446.8668664951195
-255.6882969754781
-852.5167248795158
264.5174454653999
262.55837901126813
-33.08692250650655
257.65868906422753
242.77827844407295
-123.93390931337959
-405.1319917683827
226.2359661565998
291.32780091912286
-142.12512185217565
-142.98324788276958
58.55298325463359
-98.77770127756611
223.6237677902106
5.123631270923568
258.7680846154246
215.8156874026829
-19.312038914557604
-149.42605419573957
232.53318926251427
-652.584765680558
43.85285381186618
261.25532888457496
262.127630124098
208.19606365589553
226.30789880198594
262.96204716628785
113.39620325164951
-10.389643750091949
-159.41947934773577
120.3167491412354
220.0887959301986
257.18063601515166
262.6633504704615
209.94955517469236
-133.78289611180628
242.15432659930644
-150.52935054933633
197.65686474217938
-11.056080098007499
191.91982500834257
-131.1912942941223
-110.03770949234043
220.36425783071525
233.5143035059393
186.96144089719903
201.56121837260892
-230.10796201970092
19.25335584806112
-256.5885821686877
259.75497449013164
229.266634345621
194.67019026196937
-114.7636077914007
-325.9225041562208
-326.6632852798756
304.1584186108082
-132.30367828494715
40.55727543568213
260.986736944664
237.74323428011283
-483.41206854877794
-182.29417119710456
281.8514347258552
196.83420530631318
-92.97971207164167
268.9520406024976
-170.62451344312274
256.92148034936497
229.71511990621312
-115.19824874703943
266.29781928763197
234.08733999086584
209.6963263921325
222.16469187201236
45.77974743922093
252.44478004844876
-225.2992074500232
251.27032741990809
227.0964944272491
199.45142009364258
228.97732426844632
-148.4029585020923
-189.78439647607547
227.79703309968033
-134.39609757179264
235.9681890178167
253.740351403779
173.03089032388704
224.58742078212873
-52.54442463062706
244.54491405944682
-227.7956137325532
273.29294138455487
245.00589658229546
-31.97552333814302
234.76371960249537
254.71758269821578
-92.67320982169211
259.58215225020524
221.27700931850973
247.36106053158966
256.97487840704844
-724.6195206255899
-41.96189869060302
-247.03905548710816
259.5062130835596
-128.46996365454353
-43.84532108987507
251.89349467844914
-144.0496506136427
-77.23196576267668
22.651220599432335
246.289312540803
-150.4375363414191
8.610324929594611
268.3243101982622
-82.4902149764149
247.0856093325817
-759.299549034457
241.53998621464103
-130.68659785707922
-69.22032493703414
232.13753948410937
-824.1071495837854
237.28368110959389
259.3679040633092
-11.395059363171754
26.466177654952872
-157.61947322122978
-38.58590027590482
234.78778698880143
233.43756802267433
-157.46785464618407
-2858.6648896924785
-365.57026895656793
-150.41384876378692
-371.18481166791224
-359.338726375516
-832.1156480183201
-825.3584900459208
-272.70691277097626
105.24827675094907
-383.3479494032737
-1747.6918531722683
232.62860642279244
-22.17786789297898
-283.3533874103381
13.007098536495334
248.56208412998168
261.953326174136
179.70923026051165
-293.06870305658435
273.67342691845033
247.40570455529132
230.11139942127855
242.33713041639533
221.9624951324028
-298.9286932641894
244.16252851907754
-110.8041830332044
-428.3665758464426
216.03663824984838
230.03058465327896
-41.255495860705125
-390.12968125505853
-13.189352945226432
34.81742434804693
-15.810097910107189
85.69949832375315
86.09633209551707
212.31721873233454
-82.66637214422363
-846.8420150996361
285.3143663075948
261.65681064064927
-67.68652043911834
-11.927733617294223
25.46384837703701
307.9530943913162
266.89781367549784
285.30160700635804
40.75350232900223
-70.384793846496
187.08630256930348
211.96300560047118
21.681794660553365
292.5786831554267
-1303.3406569439264
-162.82377764642473
-206.7059402460386
-247.54196143789332
-279.5890006303878
249.18789546317794
248.67860956300134
135.7545254570701
290.92216242377606
39.70724557128602
-42.4146132877241
292.4609556873165
-271.6839187721873
-54.42222157327805
3.049742221347003
275.11895142070705
-518.3359690607906
251.78516698951398
231.68736187305518
223.53465798758498
167.11202914720133
253.38290337453773
273.89823548396686
224.52074347718798
-58.01443711178289
253.0351911292737
259.99236577062015
264.2642434716499
219.497760154596
260.28946244703604
13.129981982969525
274.167107122902
244.06486858993648
274.0713205890596
265.116570815764
-135.99238451285282
-203.29660034189874
206.74931091915863
220.56127657381614
13.374697993554847
-59.336921138629876
-95.09468020476123
-2.357026920889055
-134.71802722985544
-68.6581061153461
-53.36242819091977
43.28997034102193
277.0260742175716
216.96834224634358
142.11587751436645
218.3033340129275
284.04877409860285
232.06267157531732
274.4654544339461
260.15690576124825
126.96638003267451
276.07004258661937
-191.1248735052273
-211.68772247765688
-656.1086376492632
-8.48674946418717
274.1404982657816
290.96236717230727
265.8234508715941
242.3869906971967
283.2792220268824
227.23805282393462
252.1594669332273
263.6643549585748
216.05749454804246
-266.4699538882384
277.32861478371325
256.8068568216419
243.85983925305752
-16.248373808373657
-22.407849290707617
3.430166000105416
-22.82935328350476
27.699518583484235
241.0049429350719
251.95063868582275
215.547966776248
243.56729289790778
269.7298646346782
22.761426502742154
268.8015350484965
266.92510688862143
261.39444122139355
248.13818888626446
247.14794499576516
273.8129763936739
170.78552087751495
-120.98661580819027
247.34386572912905
263.42235461449525
246.17787873517426
232.6447512369174
226.69641657452388
201.27208902575802
284.98423306501655
232.14045204948823
268.15199899228617
38.01468667769652
287.6387501958645
-77.2299386494735
268.24106078896995
251.6711185562249
279.4566195509707
281.6710931889312
187.1901467025047
195.53005286998467
-0.7440652063838513
234.44112599641605
310.6771699815794
279.67462070477814
229.5409144939438
213.20953096689882
254.3998450929101
267.8417899142869
259.2639870541856
269.7597179327135
264.82048697395874
236.5119425528379
238.4495341464858
47.99667603091484
259.921651224993
-351.1618099379309
269.64786714099534
254.64399614624304
266.6714852811801
237.5280311501241
176.373930109664
-53.31157153241142
231.83766810786187
208.86952187782492
-263.3318600464212
243.2829287214065
275.3620985140417
277.6370180533745
267.9578591784526
185.23567000046137
258.6504196513153
279.26363897043086
242.51722999777607
253.04804301689003
215.5903371835526
244.36076382202305
239.2363367006568
269.68113722493433
243.3078092736744
258.3693434346392
241.63972312091263
227.61719385361067
-47.48446094164726
245.25558247105008
247.3719745095318
-142.0942572068933
214.62407327258077
208.47834046182837
257.58761728264653
179.0531396490618
48.66720370365357
245.97288400700856
5.12427214936416
246.34694676432747
208.45252348711114
206.0867106637994
273.7015722667183
-600.496322456923
267.2359247454484
-107.06679702072829
235.42410206517775
-15.446162436499975
-96.94585467900767
-79.88161506630004
240.0728347632326
-29.93830174754069
265.13662734303597
270.94026531694874
-219.39544080386025
27.517997254396874
199.03231214016392
276.08391186135424
258.3104703504585
293.75892811257285
256.0907647944913
249.01067130139594
192.29977194375846
267.1976148985191
274.843176703937
281.03453526525016
256.57868569153646
213.19321774812528
-144.10878998371686
243.22526643570725
272.1564707846966
259.52449671017234
222.782552681894
-125.2154147639645
229.89996339631534
270.4057771921463
48.77851651605425
246.50565340118192
259.98076600012956
284.2726195190357
236.98357473200483
242.98391570099298
276.52778121339225
286.6013941605754
301.7713400546546
232.56540906385086
228.3645531769168
267.53688397456796
-124.77214960624859
275.6381588853347
204.33829950869688
-202.85952146318175
-160.87269583863105
191.21666544656293
273.57626317314555
245.21332936147007
258.48035652160627
273.382508619733
267.85715201984397
-61.258431468179616
195.61831065539428
236.8278829579594
261.11261833503147
235.17187349412131
244.96248058641174
274.2616177335298
21.19509278726362
15.910796027044015
-41.44944918333739
206.1941279830752
260.6878923002695
233.42704302257695
-34.26965893514438
238.9749244822875
300.148433711464
57.089533256113754
273.34178243052116
261.40533410794507
-195.32307047765028
219.87948822372067
264.46830651616
208.5045471416255
214.30890437740015
279.88094560980716
232.52683892876496
259.545246069833
102.35090786772314
288.0063111794371
238.1393952362335
220.68478677949878
235.91244419949084
251.43551692189428
227.78532624304717
276.65182439847024
261.0455678807081
228.84189741363699
281.48726665761126
-122.46840105666891
-77.00011939620042
-196.9635051046639
234.58940076438057
262.75248632305033
77.09137465751039
279.89012740946663
257.2075472040016
244.0636269097241
250.40989099754228
236.9056935290374
249.46227470378523
215.64100179142312
222.29907220283366
281.29136396994863
274.0113822308933
257.96169521478146
-71.23114756503159
-17.9798976380864
250.82875139880676
287.56246716452983
12.781438389061677
298.50840765027397
-25.70540038376552
246.444702873157
265.70075036605533
254.92815909264547
255.06132270935973
301.1596615286543
241.79665294908932
240.78508653748702
239.64820534384842
-0.7033710530560171
262.86366246701357
254.62520155642864
266.8116129518279
241.69786165570622
272.8882462420178
248.42397818196568
224.248842228392
251.66754556419
209.80630166326512
223.1810923019907
238.50158487042782
225.89601660065517
248.39668197747775
245.24272059522852
100.32077954013792
245.16052972688726
271.7647265599529
278.7908880211048
205.67641911299242
115.46698282013412
256.1211538715246
247.84095415617077
292.21196920098294
254.7743381310237
245.3547209046342
-305.0709230432968
288.99065813310267
-248.56628974195914
-309.49707374978277
249.48975337289718
-235.2286054817279
229.35694253797303
-226.54439642756626
-249.47801383337662
-173.13836931377477
-304.61611225574853
233.21469815288933
232.80925247568797
237.4086177771878
-205.01105961299203
-220.60930070368727
263.611469526768
180.21763640741221
239.23431262916517
223.91816248392837
68.55647759430472
-285.9226089396948
260.71605983495505
-128.7527482659193
238.20777558835854
278.94498606737466
276.6164062984226
223.3696725322768
239.26134983583273
267.743772107612
-177.86386122786087
223.0892060517448
-232.0623951771596
182.6499783499607
-140.82138251378913
262.6719429560171
225.3276217701707
263.8671726627316
-190.16399952892982
258.1446159531932
186.5983578089577
277.2147081385162
294.97282527055336
267.7554607091492
247.55605071134462
231.56180398121484
241.00584479210107
234.3225977864922
233.86304161531294
-84.49272349619258
180.07421759033681
211.28449960039242
201.85733801465562
231.42388072723728
229.04514799939798
245.97159990858657
-516.9067066859997
210.61656380167892
-79.87703646870457
205.60962901197536
36.81636395669071
228.49156985008435
260.4817716339319
188.00043146442425
-260.3033212157694
205.91392958787605
184.7128568103796
208.77797561955794
191.1146258639807
142.7157104104465
231.28258222922378
267.6226851028549
123.29129633870946
250.55844321311494
226.10373702858783
283.0076306551937
25.64880115378807
216.75738720973928
223.25408380088226
-73.47600153815881
31.924956547926968
264.0098203620669
262.8817476229741
266.06406745689696
186.40103554105804
305.05024210700935
286.3977241821292
249.87762774862554
250.67854247021953
227.15654845550853
210.39773934352493
192.8051114797974
237.7621449689835
245.5752689423697
264.74086391531
-163.0872417829325
-316.9348597808445
-231.63275669240858
-323.8582910778953
-397.9707552465781
240.40590031155543
241.0428473108362
35.56059298771484
221.94364606845676
254.20919312902035
279.0464824406015
191.15328655876488
-180.1464589030565
-165.7876274895037
222.02789648788996
150.81158011341483
232.73675163189347
204.7367806443637
196.05873991559196
235.77032209128686
225.00028342298577
-189.5658814182394
165.81568786179082
216.30121249193164
142.41401160051242
-79.8226564241698
-5177.569963687658
-223.80509710443397
-461.046816674894
-280.59472393851104
-224.1914864207709
-121.55253773991822
-1705.9769819200653
71.65032245335661
-39.21154820820887
9.2712627162485
-57.406478273077234
-1.226944973804521
189.9757265960796
91.61879865175923
150.0259904588584
249.88856154809955
269.60829432718015
-362.01566090552694
-138.36573651846723
-302.9538494420028
-313.7421133631725
233.4209630770699
253.818323857087
191.62782929465044
203.74369835711664
273.5027105367308
294.15213629837854
188.07500111709305
232.2094414435611
259.34325018976244
-3.6295234519250243
299.0834242297035
19.367542016201043
-125.37101736097341
188.24451669135613
241.06937086349376
214.17321467132712
272.84271511560405
114.91045045522552
188.4323068253677
223.01589413476106
257.54602845569616
255.63087629044963
233.88082218684676
255.64262259128142
276.1770196682987
242.18839531936453
189.91397407255246
197.02538783637732
261.3581706370871
204.91828580056293
240.1425820397998
256.05645907313675
282.0961723765298
269.36051514034864
286.225542907662
209.5845090907422
270.6494600862311
219.9484715623904
205.7474154218576
241.23524638694204
270.35631357348973
225.0276836932074
262.361034425374
266.02856067100055
266.3730288049964
294.93753795890143
274.20667929618736
234.75973794467063
256.8907480733723
255.03400587247768
254.9917794883769
254.25037982251825
273.94605082019893
197.7451735334672
292.8033514710552
215.32043152327122
191.7273110122731
296.2343984945712
207.44702261357259
231.29152008594625
242.10746280741705
271.2501201463027
256.7212744972077
240.64448846553407
200.4093684758596
260.6691249495237
232.46124243634443
205.45560761413432
-20.476703239942964
258.5926444727336
229.29988497658712
247.27646993831524
264.52427754024575
189.22127934158306
244.44078332687312
204.64215418425334
285.53350479052654
288.2481696122643
220.66442809634464
239.06722810487898
219.44818648585996
246.34685188611328
259.35022212639115
-150.7968170337384
40.73858286099602
222.6107490291569
253.5524845205074
274.6849897332105
46.79117574576307
267.7454813185649
290.93285063057385
224.08059622269076
250.62925105274113
255.73224969499512
238.01519548454783
281.6123496467046
252.2705692127382
199.40338998172172
262.9183982132635
210.02279150165344
181.60125082588843
260.23642958959374
270.2862973513744
236.78639928562086
260.0437277367256
258.7238959857411
-68.19651712588971
175.06192514356547
269.3093461129448
278.0163836468146
303.07300287054534
271.3469332079592
285.74414383351865
40.80478573312949
258.57398041456196
268.22237462402813
169.02401546969153
274.4263184957256
263.64690412618745
220.49173765939366
282.0016968117884
281.4474221802581
-34.84474518124267
245.62850629430162
227.63083924805602
256.14035787911905
241.97552639993808
-15.850423429429611
18.071377215285338
20.721571786103652
-72.80988902826496
227.07408373790346
217.00507170270185
123.29242628215837
250.73860826911204
296.74303942731035
-115.93006950197046
-126.68374944316004
245.60412175276576
286.520168883455
233.09877572755346
275.3596283882523
292.13982117618514
251.7035492649314
261.2645731299656
298.61286810099887
249.80138091192993
264.20777600132226
260.69328089549794
208.4308005397283
282.26303349270154
292.1490374135914
248.4373671475022
248.51142875916213
264.6840832383229
271.5867086780896
253.869715622032
275.7012182325194
258.85113022192013
221.65215371057178
243.69009243442747
279.06498147416244
266.5397312045901
248.72052817284853
-89.86809033332784
240.43666703966358
-202.41773603478322
275.8559954713688
253.97991348678434
284.1256907207379
267.8321379965355
286.21709919933
274.2291035533674
285.5680620163546
265.37473304797095
252.09088312268034
265.48978269887266
265.6560267244371
293.3901332224823
274.90336990215155
260.34457327684004
249.6196511135864
207.48679168812237
244.71262861486278
241.06099018313571
241.01739265686618
242.3030057603827
274.7495305070164
307.0593289397851
228.8240856514499
250.9279669848568
279.29441559872566
264.3807066679903
292.31736956104317
253.55892773188054
276.2910852123574
234.77763065795602
261.6428412278128
-22.96263721280306
1.4283942727471413
-2.61500212518861
283.42304228201476
256.52921327606424
246.4388073383547
303.39799525723606
246.5660228676941
300.21531221808186
-276.91860519052364
235.532988917034
272.0594489799137
233.87918501597656
287.0897558983786
265.6658312518549
283.3422532012039
176.74421050910763
260.1190951291662
252.70161090818772
266.2243697050154
291.9283410698181
236.6482486004002
315.6027816135475
295.33746284225856
265.61399494985045
248.05557231676036
258.09849641605956
239.2738373055233
273.2796838737995
259.3732773701071
118.69779157706309
-10.868879000002735
-221.79845680771632
256.97094815959326
287.8652743761114
288.9070777199734
272.83482984113107
226.13021375616222
-130.19945412766648
288.3817957597063
213.35210488288413
216.81713763628144
262.45234264858107
238.0258254923132
263.80386616789065
230.91448570932377
122.13262985129415
-11.867092799625482
281.7175491997508
242.10108501348512
294.12298103581054
276.94795029254425
218.44938335873456
259.01256415013427
259.5341293683081
283.58831021299017
273.47747929074546
268.6195600002811
261.6957733072692
27.58998132128515
234.79022525752876
-432.4339738154619
296.57253324463704
-254.39956875491612
33.709754510688526
247.11179691015008
246.43883012258695
258.96807315786555
273.1090564163129
11.814972489638947
262.62025005521076
270.5716769956301
-168.22846883775463
131.83532595963283
262.2609388647587
251.68364744849896
266.4834912231487
269.59767860594116
286.3947458371516
220.8223508298811
-194.8520878131725
283.81779165097487
