-55.0494149536875
-46.304330101625716
-58.42589890818885
-56.37714282801734
-61.56135317588459
-58.446209157282475
-50.599782520171594
-56.08979770079636
-62.78903927296345
-60.72134870245546
-53.97254789605546
-55.65904979456184
-54.338193573403125
-62.940721685672514
-66.44988938885353
-54.84124815322061
-53.93534914137638
-54.564603483855635
-55.959005971512134
-59.96994097086255
-59.25437316952651
-69.82860251246194
-66.49371310597344
-41.83306493750462
-49.59450500567205
-52.33433363727178
-48.99601625012502
-58.83362303746622
-42.11858607715171
-65.72285198554007
-60.219513411657914
-60.47230316747158
-42.02324233907072
-50.563123903770126
-50.2296049346244
-45.96235870428709
-43.69581166616938
-49.86958485557361
-48.15997703975381
-59.78921946746078
-58.53587166869248
-56.74666714083369
-51.59068369855527
-43.66535252625082
-50.89512353483432
-47.26607904220355
-49.5930511662034
-58.23600213144156
-63.049162671926815
-62.95013621557018
-58.22036554652379
-53.91930306592015
-50.58486467778792
-55.01637119866982
-69.46014755764728
-60.61438121134156
-42.46283294245032
-55.57649302997025
-72.3185098584298
-58.32640569636313
-56.521556795587806
-60.20254728699174
-60.09511643511078
-62.41571981843041
-65.14310680544551
-69.88070235112788
-57.3669084549104
-52.82218873551662
-46.38777596748071
-57.4140084215
-51.8281790852589
-67.81052712051566
-65.600633748986
-63.78527781685909
-76.61217687354852
-76.28495352842121
-55.40549034025678
-53.54837411544591
-67.1512950309869
-74.31734893959604
-68.42975008676211
-67.43699222363908
-62.12652318997524
-76.73439933274953
-83.4583680848735
-66.58615916703562
-71.29938210915701
-72.23850720782754
-77.06284068981861
-65.52718587329315
-63.42423515570369
-61.54445655948664
-74.02743160046958
-65.25922231227277
-75.46476721991642
-69.37797927312653
-58.806712141535975
-49.29535039369366
-54.405255829933644
-60.08527317958653
-52.547562530341104
-53.9732107917334
-69.81596527698295
-73.08182753009687
-73.27266594502922
-63.43636427212438
-68.85183671090364
-73.13091676542341
-75.76847879791917
-70.44182565968134
-75.96177319189611
-68.44137645641673
-83.19211209285704
-79.12833686525616
-82.22674436684618
-82.16533642177252
-81.31896577916604
-85.07807931281747
-86.36656843036657
-85.018955683564
-81.23433790137132
-66.52874314229382
-63.79247145758079
-72.74081971586892
-64.33308687113468
-61.13750787975054
-66.38958752359265
-54.646370910202634
-49.6478244543551
-57.19223855499099
-58.914511074193655
-54.97619116302946
-50.59196545191726
-63.12796042370059
-57.432932341243095
-60.32223823907311
-58.78083153633347
-68.63258702192333
-68.05843355079475
-52.05715433655319
-60.944674831859544
-56.0728528600831
-54.94085244808255
-48.676492935184875
-67.63263889139189
-64.2437000451222
-71.53953158005527
-74.29297942629951
-68.81103102762737
-67.11048115133443
-71.80321951865376
-61.36215163695999
-64.86680320651408
-63.87899241253799
-63.73528962744704
-59.471889797906925
-58.776509327914134
-56.16977418018347
-57.36479543428223
-54.34527883495932
-51.05837621500782
-52.989596132548
-43.0234224467003
-46.95386274009699
-65.24549223779393
-58.3909269186735
-58.56634405171144
-61.42051210705977
-46.72355418057449
-65.58651041222413
-54.32540264169892
-53.83489626992963
-59.37597663116081
-51.33980175516761
-53.59988524251981
-60.599124755492646
-68.75757129984514
-79.09352146359181
-61.68060831192149
-47.47673213902689
-67.69081232882877
-55.58181915999466
-36.95934477881605
-54.987094161201085
-54.21617877699444
-71.0201027028443
-69.78847408409825
-64.58589625547896
-64.5142039051171
-61.21526739850927
-56.31845380730554
-44.400411786845275
-53.38990554969395
-54.28253603014308
-54.01092320301949
-61.75949579865455
-56.42625171693045
-61.36260105981927
-59.930954478497945
-51.13084014794941
-53.335387642108444
-59.76248730464226
-64.9309611737534
-62.395603857880964
-48.92046514935825
-53.086445087320065
-54.078221550248095
-54.31142675850435
-59.33404650881138
-51.98030083599421
-54.498393464549345
-50.19088962551637
-70.92697065363097
-60.30893810637931
-61.167856685240075
-70.29358956276566
-67.15212803323976
-48.27582856508358
-51.21004105647393
-62.7694346834708
-50.41646930435242
-66.28017309362487
-55.7305523329469
-61.01830392741546
-55.42311077604971
-58.84455035856461
-55.90263999587394
-47.70897150482484
-52.46952914768641
-64.74733013330008
-59.695505593648356
-44.283119267120995
-69.47829395469016
-63.90487887587993
-59.20208195137923
-57.953590645204685
-63.48579268000378
-70.63610137373819
-59.988000322099296
-44.92893489708953
-58.91748348712653
-59.95572805202305
-45.14371762675715
-59.72224285832448
-49.258945312955504
-61.57636748237044
-46.85409075944042
-51.854239334141624
-51.93460497981892
-59.90756703415845
-67.6161880805549
-59.36225787168048
-60.563208710588526
-62.63327469072128
-59.128375522309426
-61.39057210457522
-56.28436424567611
-48.32598529349763
-60.785786494921176
-58.86144742680363
-71.98849698532766
-50.79344938529364
-60.50342625906135
-55.671794160549176
-61.41180734384187
-58.2060469484932
-70.0460146747896
-66.17156865575186
-59.292368214700694
-51.90531217273468
-56.3735850568684
-58.37399348401183
-69.47788727223111
-59.96904274989118
-53.468973855375935
-61.63561740525411
-57.31069022131211
-59.165026948556914
-59.41064403629324
-49.03113014191238
-52.03434036029693
-46.8831942589939
-61.816577435134256
-47.41197928734834
-58.94031802856973
-45.47177672631507
-65.1050161157693
-50.17354257945794
-55.82373123921899
-60.84434403514235
-64.95605618366756
-65.7149476055687
-62.41887064767148
-73.06655048923349
-60.79092068413898
-57.90505183593953
-48.04727574960397
-53.78024087871253
-50.42700489365292
-58.0995789050172
-61.06317349274774
-61.979669364816544
-58.552477092924114
-52.7259513784388
-65.8880907687018
-56.11404070846058
-52.7588296386637
-34.01741187224819
-49.104072485799016
-50.56052339049252
-52.051408857089854
-64.06434147176623
-63.091356529427486
-61.09117907751072
-58.749963366452455
-54.23129606072632
-62.21842944823375
-60.117196479367024
-48.017995139865654
-53.1046633072227
-53.99240963653395
-51.0597753099892
-64.49470884159537
-64.67825533702721
-70.16152771612994
-64.9232471607969
-64.66020947655353
-49.53390699296843
-53.74350961877974
-56.23364199157451
-59.31530528972808
-76.15255516414129
-60.79426901850972
-72.9329372163165
-61.10244752616442
-63.862932990703534
-63.45366335002348
-70.48736774473088
-64.90576171148938
-75.03650039771344
-53.87747320651764
-46.171178709345064
-65.9332793171711
-34.297185028551795
-41.31968024827466
-50.54456628895175
-54.71492642011048
-53.33370918359021
-54.20877915594155
-52.53450583660826
-55.66769651340259
-68.8601275482539
-64.64896779752581
-65.30282781888467
-52.10843040469033
-52.21589120667926
-49.14192457313068
-46.6572876930286
-46.20731892608465
-68.19789975977828
-55.904742806666796
-50.63940404373672
-52.276826131912564
-50.539620866345466
-73.60922476717768
-57.579414650680796
-60.91530639126532
-62.382684305670125
-69.68159127974874
-57.92032696618528
-54.67434896374937
-65.34776177441059
-73.48361446026264
-57.093919127860076
-58.75502714399626
-62.04145990447367
-58.77200461161908
-58.540896921892234
-54.58343132087326
-59.121939403691286
-70.95595425955116
-67.38660630155317
-62.5629525639822
-59.643416264864236
-49.16771567943145
-67.86595441943008
-60.40722944184987
-66.04496705598827
-58.52340719033412
-60.743245818797625
-53.34059206617125
-50.58795993733487
-60.267411732113594
-53.408149200135874
-58.416120848159814
-61.762238008124065
-41.97388926828777
-56.23387221666152
-56.25708914325289
-52.26433722533742
-57.862222301136704
-55.04240149126441
-57.135164723869515
-53.78571500978538
-53.02871338534117
-53.70199398738768
-52.95187924687352
-47.482281121745764
-45.652539711680745
-52.252454974132625
-45.1671324325579
-46.05152687945755
-43.72367543012111
-47.35009589699906
-52.933833125526306
-48.4436544499737
-50.218153314382434
-59.38396211964848
-53.621405000224
-73.18615265426467
-70.85423006579413
-58.989248369221855
-59.620694541213474
-47.55985103469312
-44.71775716278291
-58.723330064848575
-53.30396252244044
-59.479488644197886
-59.907137309734324
-41.586678391271846
-72.11098831635039
-63.02101812666381
-57.17379614630635
-58.70981193153198
-48.56835615697072
-50.46556591507952
-46.335656991620546
-50.0684075637587
-46.92256252334073
-42.50752603823059
-58.341789798060276
-62.58442984235326
-48.70405635254146
-66.9750191271518
-51.59944640986343
-55.725771678001394
-54.28202822692733
-59.25731328374615
-66.38583629456089
-59.023337546566225
-77.1444938258534
-67.64586016585275
-59.6347475564297
-62.03242185419901
-64.38048366262204
-52.838356705658654
-38.31110929633184
-49.960899408918074
-52.94749491668597
-53.67096596202355
-57.71068881528382
-62.73621466380463
-49.36689241360073
-47.97407970748204
-52.36022348301398
-47.95674151808889
-46.221754274045956
-50.61048687621962
-43.90050044743478
-43.252986429072045
-52.72169581856028
-51.24624756619821
-62.491482213095374
-48.908010319107426
-55.75778844299022
-66.95202864227898
-54.912565795430766
-47.2779523894268
-47.799966191131226
-52.07648149516948
-58.81965552987402
-61.90230148434133
-53.38027231419079
-69.71175741817179
-48.89123688486824
-53.48982833269017
-49.140500256647854
-63.300564391210635
-57.1731766735374
-62.15305313172203
-55.875924995666296
-73.08569450278397
-67.67647591048879
-61.87348671079959
-50.65251055835669
-52.18850224659453
-49.36075893163927
-57.913322439353394
-52.226707743585784
-53.60390282357259
-41.20550831867685
-53.57562566433793
-56.898593731412326
-57.13106213948632
-54.784007155778596
-60.789062095575
-61.43649673048799
-58.89044726275676
-68.16775400135292
-61.018461248640875
-64.32221034931517
-54.4598138228043
-55.678554192672124
-56.620218470221836
-52.6182457692375
-53.647045734846934
-52.34991754791046
-42.575563816290874
-44.6726175848794
-45.55862413862456
-51.473805247874054
-48.15340783211
-59.191692001367926
-57.19732583813142
-73.66417859891276
-55.82756942154836
-52.95633854397691
-59.33168631438899
-61.594767294689014
-65.20607951138366
-53.99481494600364
-55.650787088481444
-48.33772565173953
-57.279275043415026
-52.77363180073629
-60.47145550993845
-52.347584491666446
-48.83205491521251
-53.41539194101492
-44.67187344369983
-39.83678298334628
-41.312412549093835
-49.565778220822374
-32.47991550928295
-60.28213125704631
-52.85568765132047
-46.37809981403657
-45.337394555000046
-49.59202675613647
-47.446944379050066
-54.34356623107233
-54.42753854933255
-55.19533141159987
-55.751160843570595
-47.17023482285052
-56.14389896565866
-46.77155083225212
-48.97520067153774
-61.445143261544025
-56.33035087387789
-56.68623756070268
-53.17951295422253
-69.29128722697362
-67.72499240466132
-63.05810153446628
-56.86999054823876
-58.548946964072336
-53.12987977287977
-62.627014905660495
-54.84466760363817
-56.27584780832908
-58.98975285646981
-52.97038005524691
-72.29664940591113
-71.14114790049676
-67.1795304908464
-49.18193568849954
-49.081936102206484
-53.799938042826525
-57.10500453180064
-61.80374207566022
-44.00303925993601
-47.284391376699986
-51.53246972287671
-52.05028750916472
-52.82390406758824
-38.252956550083795
-38.97723662138882
-53.353037111832975
-56.09629533108928
-56.33781670616584
-50.40171293033374
-53.90681315702303
-62.6412352894756
-67.12413579815424
-58.705147565326236
-56.85854292652053
-47.24784521930027
-54.05936649723674
-45.50817125210004
-52.693024434362755
-59.47388311616689
-54.84820330934885
-58.354867093241985
-64.73849693126714
-35.23424634613373
-50.24263406427139
-47.78557620570738
-59.64630315507023
-44.3515289861828
-56.323910885425875
-45.72081946148278
-51.96291028323478
-54.91903908392802
-46.92800852389793
-49.17857114813846
-52.59865724212791
-52.44140402142508
-57.806619539869615
-59.74006563285667
-57.417805032590174
-59.59044025868961
-62.56960526094909
-66.04097470223924
-44.75335449837977
-69.28138272804777
-68.74464336761018
-68.20548690722443
-60.74191490813767
-70.17820389923261
-65.6655972540407
-75.42857194601993
-72.84656103854141
-66.14711842287632
-57.89507901369328
-56.21711468595381
-48.05078237156147
-60.349673002600966
-56.638205893019865
-60.071571537587204
-69.83254218201488
-67.19644302434796
-52.933286724356506
-62.83031157861941
-67.58140949453697
-64.91817070354739
-50.244740898237
-50.12921957343771
-50.64396237333754
-56.33122329641708
-48.324026557801574
-50.29433789522894
-59.34232376453336
-63.41838656502177
-65.32360794723301
-54.2772503453615
-51.398021419250156
-65.3502554917601
-49.73246003862835
-50.12770366486162
-60.431348384244544
-57.14870461239222
-59.41819199361465
-41.08903911273444
-57.72049851730868
-45.58487190209594
-57.287086509745485
-62.8041735095612
-67.349905920196
-59.79643816397538
-64.81545093627655
-68.03070052533376
-64.98589769602283
-54.512499497750404
-46.14773553296622
-44.525331261657676
-48.24311377368801
-48.06517135997465
-60.089716620090805
-59.301462596405095
-56.90337018766928
-62.661698127328776
-57.96622367210821
-49.37863507223526
-49.83743405613005
-49.2699434992442
-58.69514644680473
-55.81525338926288
-40.1227249158468
-49.04166614454318
-55.48645816843763
-64.7942831071452
-46.471671247421924
-48.56049027608356
-53.405144548768554
-63.39246289889022
-54.61165246177891
-64.73717065048467
-72.32574117960417
-79.73552311118702
-74.46944268319784
-73.09238958772765
-65.88513257240737
-61.25755197148259
-50.6065066611258
-54.51812795216126
-46.03400238934181
-68.8213338947455
-56.797748419211636
-54.699736529053
-60.591689021020265
-61.868757375933406
-52.905907577386515
-55.250705914403106
-56.99392794703921
-62.02709184824119
-57.16919575586844
-49.27688880360349
-46.46114983977002
-53.87804118916986
-53.22663889561511
-56.24275298393443
-56.76104708721057
-71.35427366172826
-58.54801756424936
-60.55675924306474
-60.14478549679094
-59.046964452886925
-51.264411589268526
-53.08707515290501
-53.37321050428709
-52.505401444441496
-60.23006423449387
-50.778515145997886
-53.289592082170145
-57.722930120524005
-54.53158321124944
-56.562324631181774
-48.555658634095785
-55.734870804561446
-55.2368803240274
-52.917835679738786
-46.922271886367085
-58.82131309598577
-61.29516857710885
-59.394029306018496
-48.674025155100836
-50.75059906145702
-44.33004316791878
-51.60781717820502
-52.29577163180254
-52.15031056942498
-46.37755426292666
-52.220905402033715
-52.89260913603593
-47.67746654525029
-44.096967914237595
-56.561912263893134
-49.605587584653605
-51.48277799833178
-49.574827267846395
-58.745704680925975
-61.376187847631975
-56.05114521563751
-44.38906696648722
-38.78217229135735
-52.871287530186194
-51.708866953218845
-44.5970362346078
-57.72356179190322
-52.35386675762427
-54.717241263484674
-52.61515698051982
-60.52709889470117
-56.843791902781476
-54.40478823417718
-53.23512579037562
-45.79405295409488
-44.11661526891592
-37.39639891544146
-44.846374267264984
-64.87628629628546
-53.61021907726934
-56.643291144607254
-56.37694081160849
-52.26123394777212
-49.36182397139356
-48.264241538713534
-58.488989002134794
-62.34863055143361
-64.7471369831097
-44.06656075553578
-54.667707187677806
-47.14327319654796
-63.79937190505728
-62.26427593241235
-50.309844586478945
-54.12116772969281
-64.35098543798563
-73.95935705601431
-63.54910614643429
-39.303186782464714
-53.598418944678954
-47.05195190071304
-49.570067958487485
-39.28995020315947
-42.86049869081787
-46.56608168951066
-51.41039697810243
-51.216158904345576
-45.48510548983286
-49.52465110475391
-54.42522999005208
-43.540429316936795
-45.63987725221052
-47.46571728010385
-49.093195658174466
-61.82721499897886
-52.16713913324469
-49.53577874232552
-47.59844495294895
-52.86099135436786
-62.80997425222662
-62.54336818603122
-51.83338246283814
-47.52015414787513
-57.81570824563011
-69.68661883575388
-72.19380985256265
-65.76962220227138
-63.33654960995663
-48.98574336697858
-59.22918749429377
-57.42550211825755
-54.545476036625665
-58.0039628914685
-48.73974357596791
-50.467900876558424
-45.53497312333064
-54.66919899494103
-64.25535797403178
-60.7182682829719
-59.133966542688576
-48.72326546331159
-56.89776661780799
-55.383185414366466
-50.545119698607785
-56.85573781726847
-51.16165867179533
-61.07335121918685
-71.35609963674956
-55.045583667771375
-56.87972987543635
-44.47466338161347
-42.233963567904986
-52.1356474263879
-49.31344328926067
-60.77400075907415
-54.51883597049294
-44.77527743416608
-52.44120297667525
-51.11282714385566
-39.25400154184673
-46.17150313504428
-40.42704452405399
-54.097661444362366
-47.63744551745238
-66.0863889350056
-61.60936699931187
-44.01686848019782
-49.919488012641395
-46.00429969616713
-55.20050855770331
-45.7364423704074
-53.38060976919338
-68.14552876373335
-62.7467228664877
-65.81956885923132
-60.00094843311345
-48.11588772026415
-55.19979106171069
-46.943785386657055
-50.56928959489146
-42.063342629790995
-45.9669759182862
-56.390300915568254
-65.70636043198922
-68.18876902084091
-56.96944332370017
-68.82569425399457
-65.91416244995307
-65.80677784244138
-62.773077712882795
-68.3647512904383
-69.67383987477326
-58.28454865358984
-75.50008343884346
-80.69788252134077
-82.8818923544901
-79.55580831975452
-69.42908058766524
-59.012584189164556
-55.690578393200504
-53.78168254189968
-46.5030666930243
-49.66444625861529
-53.34810332798709
-51.14014904402831
-52.66449728710698
-49.29454827945428
-59.705043694190024
-56.75571274284013
-54.95155694236708
-57.77025195401586
-50.949596798217186
-48.39627730515028
-58.651831329904915
-53.00397751637073
-50.341639678336236
-49.68675901995918
-59.25121531934285
-58.45253453285457
-53.73372440637811
-60.342888599788324
-56.561690433003996
-59.220348928950195
-61.93951060684495
-53.37448823324887
-60.88162015080548
-62.93104023076342
-59.596290923511376
-61.35387906887004
-53.97016519529403
-60.39451737876992
-63.37532981760145
-61.088615040216446
-58.63593729895663
-48.69602886683313
-61.173017107135855
-56.55782360136842
-48.717851278747254
-56.60314922475593
-61.833433810037455
-39.5848979997663
-54.296944934153416
-63.02053710206842
-59.62619974380739
-64.32129036236705
-66.42633176345556
-65.93532673761983
-54.08367210411732
-65.71444094275788
-70.91544143167604
-65.4705045856863
-66.33647832316409
-58.40310848701966
-59.151369473516134
-58.15630056876856
-44.25250688700848
-49.89881423722389
-51.988369107471605
-51.554605699966686
-43.127038366058045
-58.476328598049136
-52.69026604589861
-62.94116312574596
-61.0477772167714
-58.621166301064015
-69.44028392393639
-40.5529549087307
-54.80968518728018
-57.73038872555949
-60.84623673476239
-67.94563607165993
-58.1766698036615
-62.739480838831476
-50.89077187689385
-64.58906649988177
-60.9248756354918
-55.83531107068666
-59.975467047682834
-47.33171061994609
-54.84190785858535
-56.47149313672066
-60.14797380717261
-49.64915431343086
-59.205770349665144
-66.23532854752985
-59.052105809273435
-57.25236110564325
-52.32487071373868
-46.51719535078184
-51.476062160936706
-64.07994742067208
-44.68126453825878
-55.30020052135656
-50.77070812669825
-44.36016686977008
-58.02402054985248
-54.96634839180002
-50.61594509749533
-49.09870512982625
-69.67028353764972
-58.82453339887611
-60.24549713174051
-49.62392786477403
-71.75291736797753
-71.28976684040421
-62.55293060027692
-60.252451023550584
-51.57208453598139
-62.38326774782653
-59.16631143067362
-67.85839620733107
-60.62585199721279
-61.66991534640857
-63.10392943479816
-48.254723572428674
-50.87771322704929
-73.04722570471986
-66.8891230423897
-66.64737548881283
-56.82844611957203
-64.65257339957499
-59.24373585600264
-61.54632430146361
-58.76973451028454
-63.53038146193129
-59.696858800575995
-59.65272848669163
-49.89523991173539
-53.42225869640363
-51.09815679442358
-55.99633484166466
-61.34481302983506
-60.746058321540104
-52.06385083553208
-50.89755084635393
-49.395188294309555
-53.06163067106945
-60.25990262297871
-56.626611228470374
-56.01209021055594
-58.723192645735836
-74.20243291532523
-61.61265095644171
-45.49893627057483
-46.36636873993164
-46.43347529297808
-54.402697349930754
-51.201428538204986
-48.95652594976926
-65.06189351296233
-64.32115633122062
-61.563488589145585
-55.60387465007163
-59.340286790389364
-43.05378672314602
-58.07897870820031
-54.212228103831976
-57.17525533554739
-46.49665154681823
-46.50400189386394
-50.85560382752933
-51.58565851521899
-55.628718560811045
-58.907001434443735
-60.85127029763697
-55.91289656916996
-53.82454244208339
-47.63408159841984
-51.39478626741575
-45.227527041900196
-59.203543822639524
-46.841574788949096
-54.095544603111605
-60.81485807564715
-66.49818850841461
-57.36734972807184
-70.52714233081099
-63.644825213994075
-54.20806031340458
-42.74548364168957
-57.2943296105819
-53.17208489989167
-40.957497143634
-55.018681423198
-40.70758444433396
-46.04392049512791
-53.723101532192956
-57.194291822273186
-49.69583822510694
-56.7675397034332
-58.783462430165685
-55.96626072775784
-58.681749731677584
-44.61300602051993
-48.194997261491125
-52.635236504386306
-52.74081072805731
-56.393757185216266
-65.51607508170657
-46.04329910524342
-54.460366936656186
-50.21294064253287
-53.39906397784822
-58.17979392273309
-54.33920333056806
-55.417958931953486
-53.727198077164466
-57.97113324495165
-49.54024021042581
-52.41310851036825
-57.556827475569825
-46.58135217705952
-61.28187147407941
-54.56440962230059
-59.74384830512751
-61.56557865556375
-59.18947748245029
-69.89671483854741
-66.42911847564919
-57.48120065067118
-56.708050894994805
-53.859340156687566
-55.250784624265094
-65.0277144731417
-62.78285077249414
-57.54478062680371
-61.02488330515002
-53.060479065877836
-59.6690731034155
-57.834965633499294
-71.60241473975361
-41.41448095406371
-52.60973095203264
-46.261408988318784
-49.366843119286685
-40.36328073186147
-50.50397490561819
-41.71617312225488
-50.914279348911876
-56.5668236127479
-64.32154276379605
-60.769957605191074
-56.018739260384756
-68.66764656493861
-66.98871542063968
-65.67005012729447
-71.36882986356785
-67.85183603118759
-63.741479900886574
-53.63420140585067
-49.35009776446497
-49.41891818621978
-48.05727601822956
-50.31174248553967
-45.93337775926341
-51.64149756440697
-55.63965727322199
-59.23103809345467
-61.018098200954725
-72.41212565052341
-59.49079144662198
-57.79762853416019
-47.21032062141544
-57.5263654085772
-45.96928275154248
-48.857057975819075
-54.7514592812367
-54.67106525005482
-59.75061349421645
-60.10547188781434
-54.61689478382989
-61.96489136420494
-49.710796065588546
-56.587680249651505
-54.449017552047245
-59.91751944700773
-60.427422140532116
-47.743012640788095
-53.9594503268185
-48.14353706071064
-59.6841775810769
-50.493720586031344
-47.07808087659948
-51.18064406919396
-44.42649291315935
-56.71421920272317
-55.616152493230096
-58.77177119043233
-53.144061670368515
-51.5709088889886
-55.088747048174106
-52.945043656687545
-56.493958579610535
-50.161556753516884
-51.07417975427185
-51.3088495442426
-47.73653099596361
-45.485392220180906
-55.463987224265814
-54.09853561195532
-55.918260984008214
-54.1998532159197
-51.93974198387551
-50.13237837731479
-51.78989768942985
-58.28156805747517
-73.87017326766727
-60.96201953051877
-66.83259495394583
-72.8948836057634
-66.36951101531942
-63.85696468655088
-52.209600233113306
-50.194367847241935
-56.90954485598874
-48.43541113977766
-45.03084700150475
-54.96982988855842
-48.45002098703818
-55.1641314280188
-49.979276338948026
-62.979534503822165
-56.10021945539888
-48.349642436289685
-67.73038351900553
-59.81433370850148
-65.74473041092251
-71.3872263370317
-61.46653089245057
-66.03887298944463
-61.53454183781937
-60.452778908496704
-70.10720573319844
-51.70447647943565
-45.67529663655904
-53.53041815117491
-46.668599397406595
-53.71641112938685
-55.056808709594044
-58.412791727407416
-57.873041524764254
-54.87127255052833
-53.08483339583799
-50.22157054808905
-48.53443340424365
-53.63281006035711
-49.39589027180137
-43.52381836759769
-46.23575832715182
-65.38379029808176
-61.53803784850782
-48.51608560177972
-54.27379412330112
-50.10173685856039
-47.87482209794126
-45.397462486531744
-49.25212246774611
-49.41826852465323
-39.78554706540374
-46.1863541755652
-50.72347937451759
-51.92821301597071
-48.06426081444395
-55.225280667743355
-57.09761789489074
-56.95368275158488
-49.01157961783563
-52.404518727039004
-52.42956263036482
-48.26772009982386
-48.4376518450643
-42.02752053674473
-44.85984077913128
-49.47545456427142
-59.77589602199398
-47.691732145067704
-58.08975538115124
-46.391233730265505
-54.44800427095003
-61.707069712735574
-56.91993467845129
-52.290514308331026
-41.42421872646618
-55.63420078411878
-40.19117733168914
-49.72265334014399
-52.17271898051736
-44.26714004967718
-55.04086813795753
-42.10166530193244
-52.57362475772793
-48.389123502218425
-54.042410845185245
-63.55353297764797
-66.88885733452587
-65.86150083045538
-62.677346866476846
-58.50635584190156
-52.38652313116843
-50.22635103353843
-50.51874225278937
-55.11040665982196
-48.910090935062975
-60.955674222523236
-58.54637224246989
-60.696508741289634
-58.45746120674361
-60.513228126568784
-55.04409324339603
-67.78877744512467
-58.49985586670566
-62.499247446007374
-77.87156932599092
-84.667813685363
-88.0422066349515
-72.305004317884
-75.37958343917306
-72.43192043198124
-62.35590088714771
-65.84789666805531
-68.78962949884153
-61.236015777934576
-47.18467903041302
-48.423620858735696
-52.242585493636724
-55.650168549709065
-60.25872389897506
-67.980573141846
-62.84527481820203
-58.593598479746674
-62.01019396858524
-75.98396125407692
-66.74867595564135
-54.92546337678459
-50.40715860560084
-58.543307919866756
-55.70736407041127
-67.2529041703599
-61.42819405830159
-56.591213477980695
-55.38602829724111
-51.182940053215574
-58.5651945964131
-56.26804816013216
-51.792442032293835
-68.28692205967972
-61.91973869357643
-57.07675708730875
-83.25253154441619
-74.8777569133438
-73.76933181566318
-65.91787299841592
-71.51058943118406
-74.36257902168609
-67.92217862604808
-74.11802588353979
-58.24916066186129
-55.42333413880756
-44.11576843246153
-52.46443500152272
-47.786265736765635
-54.26894705530679
-77.37610509516425
-74.44449926514956
-74.95243598785315
-64.29959732200955
-62.94810498619915
-59.25354534681501
-57.84068369888489
-53.293370317067605
-47.926048922022794
-57.639709762443765
-52.54218386403132
-61.97320069865428
-58.796838158478245
-41.56274220426822
-49.851534881260584
-46.03949593404714
-50.44533026743836
-37.00813769835135
-57.52708003991186
-56.587062159293936
-60.34601854984709
-49.652670460941884
-63.72076332780824
-56.60649620613005
-56.517611037119096
-52.59137193637355
-44.27598602516397
-42.3093404899813
-61.22384823433965
-49.9940494865663
-48.80297136504444
-48.94982244552871
-60.66759340526799
-59.99872842115697
-49.56878547576716
-50.67437486901195
-60.117725309694094
-60.02567497978172
-58.135728708760055
-49.93355117657103
-50.79397820164641
-59.81175996900505
-62.691822715534926
-69.88507613188251
-64.23765023286734
-70.01871653108887
-71.20892935869041
-75.4215388513417
-75.005470343533
-72.67030952828975
-69.16655582776347
-67.39071540339872
-69.02161915894322
-63.011618784282945
-59.723371918229205
-67.42513154462759
-66.20539877618164
-76.28866613665343
-61.41511016602668
-61.226048696513715
-66.31937390543611
-60.34615432700068
-58.35642062030134
-43.82695334353044
-58.23332311239148
-55.65119473426118
-57.1443357770781
-65.99382528657642
-67.04567376945005
-58.29986548387149
-51.21192466558274
-55.771227727519346
-60.47930161651528
-54.824723745994
-48.02270199304039
-58.90652004979102
-62.054228259000695
-58.36469899620491
-51.3480255780354
-58.20201662215526
-46.32814389820349
-41.88120157732492
-57.62472272067397
-67.88467569225158
-48.313462127627076
-60.87332043234328
-57.34072552826464
-71.18796415104126
-80.42561033776823
-72.3914876682582
-68.34520355884771
-65.28894245239542
-73.57918825248586
-75.33673928414987
-72.4014979586456
-68.74279979049459
-53.21810983913517
-48.46587152617227
-48.96106311747857
-54.519627834198
-52.522705523699024
-51.07321216361386
-57.25669330185092
-51.73550414783469
-59.753789951839885
-63.85214509169944
-57.96964455861858
-57.5228220552157
-57.62995062785522
-46.35039665637362
-49.673670860306615
-63.6358845623865
-52.08957050072209
-53.377127149102506
-58.610440577898515
-72.31497541966216
-76.64457807646852
-78.08035905140387
-62.67594176675695
-60.60757225691919
-54.98077432811369
-62.62972550714137
-57.7047003862641
-54.762695646589805
-47.93952708057062
-38.535437129996474
-50.00100504181164
-52.77025191845534
-53.670951233800984
-50.86912850232568
-64.08609540766756
-49.93415113421028
-45.97006324523577
-60.24624287349431
-60.230081625524605
-62.975199878996925
-63.297280594714664
-60.98231659166884
-67.03420754259412
-76.43765944651157
-70.99570766279955
-74.04934948302042
-72.71147148978321
-59.87918086876877
-66.32696464151178
-50.760973240657954
-48.071131492939884
-53.32551909152186
-49.01503340763256
-48.41593766251271
-66.61394528912486
-44.60232308264116
-36.58853247405256
-58.218044820579514
-52.426399156622125
-61.88744656952164
-46.97087256934579
-45.959461828890475
-54.46996202166035
-53.41100945126328
-59.83404424529502
-53.128570674952485
-54.87734412881464
-41.51092229963604
-59.23065664190316
-55.037003087564514
-53.834983921711746
-61.126114110350166
-64.25312886847676
-67.5756425371073
-52.89534242413543
-48.64524310757865
-51.09446219879529
-46.44291228493336
-57.231993905908304
-56.68321978112352
-44.95260225216159
-49.60418488974508
-56.51491494468561
-54.820605359396815
-53.92744378509318
-65.29967739558268
-60.329606044601064
-53.511224158712345
-57.97158384461778
-75.31570902665568
-52.8521509185743
-54.41493229695528
-67.69817783116261
-61.349840639201425
-54.628214102387794
-44.611551747664976
-44.513642658257
-54.765417077832915
-55.49719544744357
-55.72343760780365
-52.53011779100681
-61.56759022890537
-53.43241982351827
-69.67547869412476
-59.99916180131532
-79.97622380498014
-67.03136551663039
-53.95927420611821
-46.91838085611135
-56.978689214516486
-52.41610808082867
-59.861302924735654
-58.52049790005171
-68.27331060056939
-65.23525224007786
-66.18416608204781
-69.03940142104152
-70.02810030227197
-85.17739774839133
-63.427163656313375
-50.31313050310403
-51.50485807305609
-49.65628676575733
-63.23133638455877
-54.21629010742122
-51.598031936851356
-46.28237920661639
-52.67252409840901
-42.16156318848061
-50.66176843291659
-47.386585726418694
-56.78563826447625
-59.99729130613614
-59.615161719706094
-56.18776480967251
-50.91764078897137
-65.48001421299803
-58.66732947338098
-52.43985096101735
-59.37826709543219
-61.263818680920416
-50.749363357973635
-60.28316447009078
-59.773313723646766
-73.10811733390659
-72.6403559603257
-60.65129513574793
-60.038928641394605
-49.87453054432262
-58.509426454900314
-51.60522082537619
-46.90527015565056
-56.642423418522654
-54.1906951296066
-61.634777113055605
-64.45094844729383
-47.6285950772401
-55.3355889647688
-58.01630142447507
-59.45700846300441
-58.859764629398825
-56.988736215981774
-62.24568233713541
-63.67116282603505
-52.76605422197281
-58.455734925935936
-66.05751078827159
-67.12641289053036
-56.71338496626892
-62.75046070907113
-59.388949713056896
-47.327585334633206
-52.599290771631445
-72.43318080902523
-80.93059159251338
-75.22144118116562
-65.66169034194607
-63.77925100237667
-48.3501819698543
-55.70545583953898
-54.6502127793211
-57.313241587932026
-60.92845463638874
-46.47741994069358
-55.32380829454899
-54.03318754629436
-57.283901021391465
-57.37846952515224
-63.18919138330854
-53.86153932035216
-48.3071608380323
-51.998073043111866
-45.754649812692314
-49.13304175310875
-44.56201470950033
-41.34081681975495
-49.78496126954538
-48.965461082354935
-47.24376939688894
-71.54015015142048
-63.060965863987825
-47.43095310133915
-55.3276653137564
-56.53576658012503
-53.77919815087246
-48.82251760304026
-54.102798864778464
-48.114707033400016
-47.88506960208973
-51.31932713484007
-53.185012080034575
-57.24959610174174
-63.747058737638994
-54.98207621420902
-45.335382522211226
-48.480050029715784
-58.25216754916844
-67.26848070599131
-65.47022838575116
-63.6712140834951
-56.679839565976245
-47.05397714672877
-56.35207175097028
-51.92555107511829
-49.23173502574608
-59.96173357806028
-59.73453584700311
-59.0810577196831
-61.346500869665206
-51.44224130676017
-52.19862428001734
-66.32295798885771
-57.04453177125392
-49.86902516056471
-41.772647730516134
-42.485105727989854
-51.33884230756403
-55.012316541730826
-51.27849176940156
-56.5280064064046
-65.9628919876057
-59.275840536699775
-52.40417634235048
-48.010673258185065
-48.239927360313274
-58.00475777600727
-50.01359327807911
-58.021329698432524
-41.59425356135051
-51.97799647128289
-57.54987635287971
-63.59862526038917
-62.97266388137724
-57.36373264486312
-55.8131200628313
-59.510465568685255
-63.81964496974902
-47.550936925010554
-54.24079874726184
-58.42808103304667
-55.49542117865551
-49.855305488746694
-55.113185343391784
-43.81743276247168
-55.004156495736716
-53.36414668879615
-52.581957606802916
-54.533619492180605
-46.90275197670875
-58.18522057019753
-58.30889016360719
-46.85046360974267
-64.52280514572128
-57.773566886392814
-56.24702648895622
-56.87119908507165
-56.92470498755803
-54.54321886342255
-54.96684642215807
-48.09416774226913
-48.58847622117255
-60.02426608709295
-72.24302546760569
-54.532443571672026
-52.63832167000409
-59.9758283425315
-51.22658524607674
-58.44727161964196
-60.31696760745209
-62.82467781974203
-63.929723648654466
-58.289914425771734
-51.00533613387403
-55.26624075876938
-51.83054819143886
-62.92804331712353
-66.33829420551416
-62.053587061620775
-52.65075679069285
-49.38272877793457
-51.27050688170178
-52.09956554962978
-46.81370967825796
-53.01120364423327
-58.60280438764444
-63.04731989707486
-65.69741559974511
-67.91799921164407
-67.52783108421166
-64.4290025963891
-61.080322030950526
-59.59593951629373
-62.55510036997196
-60.07796231008813
-51.93699335584774
-46.99143447109997
-51.03172574012196
-45.77529578965049
-50.42850219545394
-54.846740195105134
-50.627274622560726
-47.3966986472825
-58.00471432311332
-56.08580768232864
-51.17299954222178
-47.216211739764546
-52.347056125877195
-52.10951630888465
-57.85131036707149
-65.92953659806707
-58.888140680314095
-57.99075019302562
-54.038788266591865
-52.83213127122425
-55.397839871675835
-58.253736180317226
-59.76250396801945
-53.44528976317011
-53.91180947542902
-52.252822870945664
-45.73614164140574
-57.20748072072735
-45.599799543900644
-38.37029484345257
-48.70200725371556
-45.95683616505034
-52.911784988650616
-52.27118921914482
-51.298217361985024
-53.89144737057913
-58.30850008335029
-48.085107877612494
-45.912344368234685
-45.800924402665686
-52.607073527567685
-46.605778121570765
-55.28800703858007
-49.61608656237884
-45.81354808942656
-51.02484983354756
-48.881230813492515
-49.46505758674302
-55.51869129034017
-56.4230341766785
-52.1324258693497
-55.129881603352565
-53.21901411195859
-39.22929124925806
-45.23514025739114
-51.39993661824383
-65.69462541799028
-68.32414206645332
-59.348215393082896
-48.63952237767981
-72.56842625981686
-63.63113156754781
-57.770771615085046
-65.51508013815823
-60.404270049505996
-60.2400583960568
-54.82546978178733
-41.284722745992866
-49.56515686216778
-48.58211568812202
-53.99914852485529
-60.22742574061504
-50.44773572580885
-49.34102061107902
-60.204838512030314
-49.93140598418241
-59.76599227006696
-66.95566500251141
-53.93115641727431
-54.163870459902874
-62.44010437701368
-52.058065264638
-57.52956705593518
-56.497583318221714
-57.14095229078462
-66.32426853791537
-51.49793785006172
-77.98846378372805
-49.14331879152293
-46.68805350373393
-48.73146754939598
-52.853587930058694
-62.988474596640906
-62.517337266192044
-71.2487650080426
-64.78575910332262
-71.03470457853496
-80.13562081347672
-75.59367332491831
-71.26851381153278
-64.11333383215916
-66.40940923974598
-60.2284689062553
-43.438830470854064
-59.3108393053507
-58.568018049326085
-60.91786701227458
-55.840592881902424
-49.13497527419112
-49.532229225934465
-46.14565046443557
-41.34659590060828
-49.13555868163414
-53.23024575453707
-61.537662449471114
-50.41000126366505
-50.367425207247294
-48.74214441005788
-46.22358775019961
-56.44621429950515
-62.67376223797759
-57.858425494476656
-64.54161184818695
-58.75801596933031
-52.599929161059976
-55.3702013267935
-58.555015778370475
-65.04401748729879
-68.17018550240884
-65.15193524650962
-49.634377324869426
-49.53606043902921
-66.45728566518704
-65.41562188100781
-64.69574366520615
-69.55412670468239
-57.022090383860856
-51.41056934384025
-67.13080834983147
-52.09581710120013
-63.347551817977546
-62.67353025113665
-74.21055994045095
-72.43625846312813
-77.56407351690521
-74.28556511339966
-62.016236284542636
-42.276457627657074
-61.63979243228554
-64.13966720646931
-58.228603564898606
-82.94941489932506
-61.33251899216765
-69.15774905353166
-62.26503350199738
-60.83705343879944
-61.92046232042436
-61.90547745685248
-52.81137282997588
-51.82146019647707
-40.13855167577495
-55.5183478221462
-50.063913357577825
-55.6881581022396
-56.72851966223844
-49.79256845087135
-50.13799327721142
-59.03228902461009
-60.44227049020467
-61.63479492068767
-75.82432529768916
-57.23651399915918
-58.57403905443785
-53.950675032968526
-53.07133489363493
-41.18962679099666
-51.87952033885203
-64.2299390093602
-66.86749882651436
-54.46423254747675
-58.53952743632839
-41.94744950648777
-54.068986774485964
-37.58569320313757
-57.21232697515562
-50.19742545922856
-47.64242635207558
-60.45275466962865
-65.09784255660759
-55.05690513487168
-56.419351709828796
-59.263098625728645
-51.798620356080356
-53.491155355876984
-55.04386706594336
-48.14977818172431
-47.09410987777379
-47.73658631561639
-53.86555849981256
-46.69841433542633
-58.09489049376906
-67.45359726697677
-56.69535135094656
-63.57211630672561
-64.81933529211373
-51.296126325510045
-58.999415993878834
-68.07049603408505
-81.57063263024908
-75.41474285438696
-75.20321135672673
-92.49100910612286
-70.37885226109638
-78.92994523446212
-69.54827041113994
-63.12856013771465
-59.1868550002563
-59.1823516882741
-56.50251900805355
-45.5053093307081
-59.58867330794265
-60.15430861624581
-55.14973593343912
-36.741362805635376
-66.10763841217523
-50.67101179584492
-48.32508430087344
-60.91936089640149
-56.92639483045926
-49.16337950732807
-60.588918251781884
-64.63113176965167
-49.0234611554926
-49.72805875278787
-56.06359023384619
-53.767081886174445
-49.55019945004248
-42.712018997146295
-42.76228999084307
-52.97140457757506
-43.13845874368169
-59.80501224848061
-58.89606904225444
-55.398131105826415
-47.52650130731902
-53.062671966219504
-43.41692377830439
-50.67282543691959
-47.18165346849638
-67.95642304353073
-60.57371414504457
-60.43908403270245
-60.57479947322597
-65.42879542622605
-75.8613665235919
-58.61878213289665
-64.5784385366998
-60.42104196205922
-66.60893344798342
-55.3772969866812
-65.87294557021026
-65.34525411672685
-57.54781063148501
-52.53401571721091
-51.58840062632949
-62.90055308885559
-63.21628341532226
-60.276105018854025
-67.01040939028142
-72.34618666387598
-71.47894661201958
-66.4088897792957
-62.92827543211611
-66.082575837142
-63.45248359288908
-56.18111562337697
-63.2228711971703
-63.364708675313004
-55.81436571711137
-52.08769242702017
-48.63848640536696
-56.77240804036055
-59.237274291639295
-68.16454222850429
-55.15245854931589
-51.42788050198591
-45.825768503919726
-50.26368647854292
-53.44119691818589
-48.268211226719735
-53.00246142405766
-64.07697593622589
-55.25081849338171
-61.94018252827948
-60.02110091459329
-54.77067056328879
-63.187284258629674
-50.33188342307343
-69.89674811397373
-60.98092484188121
-58.36596031215853
-63.92371917079301
-53.528718732079106
-53.44969194052138
-47.33461483770631
-56.0976246955943
-47.534942960791795
-47.082492104441194
-55.04794268152767
-55.82580560664007
-52.947368647194565
-46.57582367720824
-48.980303038689385
-50.580738256100275
-52.96216716165588
-54.35981671729728
-68.39951838433836
-58.34876093532736
-50.073439001778866
-37.62647097837943
-56.0212586019622
-54.61675582150048
-40.24911449275476
-42.936332825054464
-52.74076707737232
-54.073265140800736
-68.64260420728604
-57.34411008434236
-55.03025282027706
-61.25164281172649
-54.40959296120512
-56.17618380777184
-57.998059092009164
-50.73977461821843
-57.59949811718213
-50.807592434044906
-54.551784995408944
-50.97195421791558
-53.47621281016138
-57.94026468750596
-58.9725112336889
-45.700799066500394
-57.210779274523524
-59.23245388873577
-53.3304060540225
-50.697710502542606
-50.67137850518945
-61.33045556574554
-44.06353696081816
-54.873955301701145
-50.36666442619843
-59.70349382659365
-54.946215981877025
-39.61168231878143
-55.962204563791175
-46.644478105880154
-61.26625113879343
-48.856929581879804
-46.26051231486583
-42.507490343458855
-49.86919401857986
-58.06640991732562
-57.407763669328155
-46.68717626699302
-62.56146749151063
-59.380389307652756
-59.16695767168821
-64.19163920713271
-64.9207476935914
-62.617711089068656
-65.1320870753566
-58.24057475451259
-68.16320224020974
-45.72652854429882
-46.98319818473431
-44.85662716264576
-41.63638248972152
-61.172944393503535
-61.58166305755332
-67.10673099945652
-65.00924883001214
-50.23088763203426
-49.19704691283291
-43.61444961583946
-62.15281071481204
-65.85595203598909
-50.24553023290013
-57.961513515999386
-50.30359976136728
-56.81807199034913
-58.84013418621337
-60.23505764085437
-58.412482127331224
-71.15215288048874
-73.5282178368144
-66.32321772555808
-58.13392929405455
-47.271832882890465
-50.14746334437314
-55.84217152623072
-57.763819378814674
-61.72893115460244
-63.51220064292513
-53.169192969066785
-60.162715865993476
-60.645750342345146
-65.16153288012416
-52.031049303367844
-53.61102382452026
-63.50596833803141
-64.91406069502173
-53.62123783153055
-52.79137147173924
-56.6410961277726
-69.44881118270062
-66.42828670599185
-58.79275501116566
-73.96155062099203
-64.89438702986999
-68.11364242341408
-70.63501680583137
-63.16674502585415
-67.1235410911158
-56.45736038593433
-57.23778572541484
-62.882937092745955
-63.57448928690583
-59.93087614051527
-55.508678258408736
-57.00443213477659
-58.21628006307902
-60.579210695742546
-63.57397300012007
-66.3572254756424
-55.776450355216
-58.72867926825383
-59.14707326084916
-67.51305414220987
-47.7009083940183
-56.91220878014115
-62.93443951651537
-69.7260740883549
-72.14695609415948
-73.71264428133249
-72.78099621879697
-58.687442733945545
-53.277934402272315
-56.94812893887807
-56.40129985629988
-51.63168555694785
-59.19789204779054
-65.78080202546438
-68.2859529683316
-80.51283702581772
-65.55298879454645
-58.42231836600578
-52.34781729845603
-58.108081311683144
-49.876504211241674
-53.789304714437506
-56.93777342561013
-53.53604834510436
-52.18804271958248
-55.05827951186328
-61.92465395118246
-58.99228598248166
-62.081564302958895
-58.084905664466234
-65.86143914048893
-56.82319922514441
-58.403147712417244
-52.83392767408282
-38.572418327312725
-56.77512313283884
-50.98968865744795
-48.00906636547756
-56.63445487057064
-64.0807588943251
-52.97288563213022
-53.40514065181623
-63.19165994783331
-59.500699206256094
-58.508378084687756
-71.77332989046936
-59.658509392810124
-68.15180744609916
-61.048942897395044
-66.39663887372627
-60.01410441098514
-48.917332786665796
-62.48278548038437
-55.09950783796542
-51.27528786172981
-55.380707869141084
-54.10463723949194
-58.948071540793165
-60.24067675373831
-53.8510840620936
-53.331821437337624
-47.1216302330157
-47.90682003446942
-61.97043625293601
-58.44590775600022
-77.3205162776213
-68.74904158551003
-68.64017674216578
-53.41516060435223
-56.45252667289297
-58.11248660580529
-58.81635855953514
-59.23265475305963
-62.18927638924645
-67.67492765953024
-76.58457633840182
-67.74004979942511
-50.90438819481995
-69.80221835199953
-71.40766070193882
-51.09860567158237
-43.93759167886657
-57.12652869867159
-46.18129551467731
-37.245591394143574
-52.7289523702821
-50.89847545995354
-54.84402044983297
-53.93633828554467
-50.04933929942221
-52.749307804518345
-43.77654859640081
-50.76545606011261
-49.96616779856227
-51.04757727410082
-47.22490785637257
-54.12237150341674
-52.612755025471195
-41.30407820970217
-56.825408699333884
-40.739917346623145
-43.79727024022984
-50.95130515056002
-50.98084961960708
-53.314903544313104
-50.799416208794234
-59.253163648434494
-57.66225167271141
-54.934206087069974
-65.1077285110523
-56.89649398962182
-66.24751497126405
-64.01192522226792
-75.4673972810574
-51.352499167856074
-61.354361415203
-38.103062523901926
-44.046208358906654
-75.50013596047388
-62.02716628016499
-56.45380758366515
-52.64028403499463
-51.073943003902
-61.24682020312412
-50.617203071520656
-49.246557435813486
-53.58333821368781
-57.81545137119483
-67.31725443414732
-64.34631281641168
-64.81967254282635
-80.23769931690389
-77.19568339257958
-81.98643426865021
-91.56596303729398
-84.04020021314926
-85.72615784918567
-59.37383956111825
-55.882006107667124
-50.46656847940929
-48.71608952978819
-57.94676352098143
-55.887390508853535
-72.59028970919499
-60.294903201091785
-52.27733026127682
-58.59145059343718
-42.26834254337703
-54.04427925567442
-43.13588693425106
-46.63669830369436
-56.10772726358824
-75.84334936146892
-67.93175957783737
-75.85392103217573
-80.52501818780804
-54.97849120880867
-50.78230061317792
-58.850018837136574
-56.323800470860654
-45.29533092684353
-40.14819629589511
-55.16023980680974
-54.2909887645267
-64.33549293041108
-61.523375461596125
-63.57796256464623
-61.67068919424602
-59.39515396785301
-62.68327632711537
-70.2236109419597
-55.95023660659116
-56.0479310458563
-50.8410208496315
-57.837850809767346
-49.9977309226416
-60.36740672238941
-44.10634129311301
-50.901376115816824
-45.7774028915068
-49.082176941206306
-49.400076383054106
-50.57611454210211
-51.21208585448274
-54.10464174979182
-66.88957843773112
-58.44329681918662
-50.46216499369643
-60.644923194485564
-64.18351342628262
-57.80344555606254
-52.96438639997236
-45.10996859352006
-56.570856727924394
-59.73296809792129
-59.098212158281804
-59.59780673571603
-54.67600321824556
-50.79275902978808
-54.402757254720164
-49.63222442512043
-48.48779314988083
-60.43194856667448
-54.31074623974857
-55.36127412809492
-50.00236095040555
-44.16356069308873
-50.22187327288504
-60.41884003642349
-55.15221264528363
-51.93330849123825
-59.25591186684515
-51.25059538150915
-66.98718564158439
-61.99747647158654
-63.643788083460585
-61.61857919302861
-55.25748691126075
-61.625023545021584
-58.04509882442748
-63.30224026555614
-60.18330000361577
-74.82178878581938
-64.91186753847052
-50.15590007087183
-67.4765049887373
-66.16021758519996
-61.2375712847653
-66.4880910676071
-62.414792392651236
-59.7257547756517
-53.49904277064452
-58.96410711139659
-67.22368380454088
-63.30510105773679
-72.55330981876939
-76.64008216612906
-73.83589482537195
-57.86317616078439
-53.521796028244665
-59.23894126612208
-65.09332596976853
-60.85591380568272
-52.20603758934262
-53.24565373967598
-51.99362192441584
-47.471913623614874
-60.23361296888053
-50.77825160722378
-54.57011571860134
-56.693312103178705
-51.971922638223916
-53.41438930023749
-61.58482196102331
-30.784724984662045
-54.92063304822592
-54.386312154777855
-55.21914666722604
-54.2803102380457
-61.756449305220556
-50.50589255521186
-57.714710717042735
-63.81377585540198
-67.89686232632263
-66.95768415604009
-68.01994245782828
-61.95292605233533
-47.00147113863316
-60.942419581661355
-58.5868207157938
-55.93853854839038
-55.53488525763556
-67.43064043334854
-53.18768105533315
-52.31684689532836
-50.0021545231895
-47.36947127119048
-57.565760557668376
-45.37170918518398
-52.5940158679159
-59.899652743474824
-43.294367540961474
-56.70208509355075
-52.69037585123251
-59.024260318506144
-59.21398721388502
-49.578470064711915
-52.827368789426636
-50.451649679797214
-61.73076458863741
-46.200422713891975
-46.29603711676262
-59.86077881143899
-44.49608903858531
-48.929533231652705
-61.27248797322218
-65.60839946523161
-52.43528873594296
-52.79567910142014
-45.20900875192924
-46.75352912603593
-54.972126851577045
-68.8099493951515
-66.35486512742388
-56.38107545335783
-49.9684571955414
-60.25237431633692
-55.823182762908125
-42.354275748129005
-44.10934267748096
-52.13384183986001
-42.50693236775212
-68.23511081130381
-37.17762593161026
-52.05327037179458
-48.819015602476256
-51.828405327944346
-61.835289407713965
-54.73344651933599
-57.60045043815442
-55.136686560657346
-50.50851481048275
-55.283980715302484
-57.09495424212903
-40.805287401695445
-45.27995037626528
-64.7855114747103
-63.56597653942837
-66.5490433404847
-36.76223288158697
-62.672247936372344
-59.6407575406406
-45.250664265641426
-46.745542807245194
-46.975019955968335
-44.61715545984861
-58.42730046559804
-60.54979733115193
-61.59514745338131
-48.950457701929984
-60.94772377489569
-54.53547619206955
-60.037398377214814
-54.77188110860979
-59.473522863123776
-51.792973619373804
-80.08172063747368
-61.99354800619009
-56.880483493433786
-53.66529136652765
-72.03969385970775
-54.31276245251792
-44.510485699461896
-45.731099831589084
-54.36136417199562
-61.43747944266392
-51.57265530768919
-55.204585750047634
-53.9534673078315
-51.657608692033655
-61.8759227136127
-51.55383396294667
-47.113275989940796
-48.34887252042351
-52.653319249392425
-56.01957144932738
-44.20802789048402
-39.75493022648522
-55.17479416981044
-63.97342084435356
-59.75904389731299
-62.84893952598122
-58.86842348336445
-53.07998379989816
-62.862799885695374
-54.1776822655646
-46.32566913529037
-50.05434263850718
-57.38157581225179
-55.493436615792696
-55.08848800330536
-54.91690558824027
-60.568425289565795
-51.13193242241656
-58.18306443529425
-48.279850860324416
-50.19061539520954
-52.64213578936675
-53.70982696524526
-59.77197889580039
-64.51887208957545
-65.98983374183933
-52.18438573189052
-52.59407122608828
-44.51067452775503
-51.67208797593605
-60.81984626603399
-53.456239972634584
-50.34692302427871
-53.817677541677874
-57.35860296634384
-48.925050004750574
-44.96005507566299
-60.48727082416211
-48.42112040548979
-49.36950670363254
-58.89478339468385
-59.9338475168283
-58.129397929333884
-70.95451087925635
-64.06585141264065
-63.72439687577889
-66.92725135934519
-63.504660515778454
-46.109685246455534
-42.191080840832115
-59.73563273675307
-53.8548969782264
-71.46213800063155
-65.36012271159913
-65.62685552686229
-52.054266486736914
-43.88199618298667
-52.530290988038175
-41.94543989005531
-43.25127251542652
-52.76589378660574
-62.94223870642158
-53.40657243588018
-66.94020677855103
-57.214257375555455
-62.976967004543376
-60.47386654755533
-60.12242299702402
-62.44137995047802
-48.52188683848497
-57.32688407194547
-55.07201349490238
-48.591520852861464
-58.98223158117814
-61.661582129916276
-68.98393804263418
-67.50315885584347
-55.45961989069874
-47.96707657651164
-59.8059776348703
-59.42687771881737
-52.31314375397052
-54.990522275588255
-70.94283513480569
-52.94398567534339
-51.85570313708364
-55.8555979901883
-49.40341990720374
-47.97921089020311
-54.39267136208608
-54.908656078665516
-42.66688109783626
-62.87846659513122
-53.992376892675374
-53.27400133155892
-50.666979273727
-55.75910846399562
-61.902888378268365
-52.50118003110889
-36.437144692586074
-53.619813086783736
-46.478160093967695
-48.10356156695035
-49.5239023940391
-45.62175091986918
-54.816647977577006
-63.208473098048486
-65.21258709123936
-53.43066317850174
-55.10220246322884
-56.04263500064145
-57.45572017600622
-50.29921743881037
-63.67340751100744
-55.36591995282084
-67.57907056648045
-56.64803619991228
-64.97544511146276
-61.97014497538871
-53.00570572993449
-54.850868443314695
-54.280570952557945
-56.706618169281434
-55.55584856776046
-58.09460080182719
-56.27712521494878
-57.701564365955825
-57.56918534817196
-53.67140792137258
-55.88462279402767
-46.00134429173507
-50.1106579591044
-55.35143733658143
-52.48209787891363
-57.047365155901026
-49.768667676207045
-64.197070369304
-52.78189693147379
-54.37289859949788
-56.85601175968501
-58.15404566343539
-45.702698302319874
-64.13024393982484
-70.86725939354578
-59.881250478636936
-54.81744410879554
-63.27401966252642
-68.56341279479781
-56.52474265510059
-69.76035205731432
-61.33664910882201
-61.93510646304962
-58.301435273435324
-62.08479849004692
-52.33739534559259
-50.83766553667304
-68.7015836972593
-50.30382969130595
-58.878895913115535
-45.33498661517463
-49.567706812960914
-47.20640308560999
-52.782122336132076
-50.69300428344969
-50.98227168798546
-57.94119963909492
-46.50424930125052
-61.95771920093509
-61.72116143627069
-59.28269664552481
-50.01207102475524
-51.517282299837504
-63.76905328605407
-55.36026767448232
-56.31296894955644
-56.1911193943474
-57.63261393304903
-60.17345332257228
-61.722238927553036
-60.3695916134685
-67.09032662435088
-54.32179397232012
-66.39223205630599
-52.78252866862174
-62.87936397137729
-58.168932142152045
-54.757396466079534
-64.57062469660569
-59.73202700415908
-57.27747917685304
-42.85604089494761
-48.07421810036146
-64.21001692700877
-46.693311659910115
-42.37376132885399
-53.35872252059595
-49.780875239862404
-56.910587442358334
-40.036267924836324
-51.323379706252055
-44.58324781141603
-44.7579847607639
-51.94187286683231
-59.32867441461555
-55.9058986875245
-64.8121494317934
-61.40133585821786
-46.560243222530914
-55.04523925688637
-57.248713374436626
-64.57060425031585
-47.817274133090365
-56.854127506391144
-62.798089198125204
-60.65329201863107
-56.349664987258244
-62.687775596698124
-53.51939332334588
-60.473274555553566
-62.639532320026404
-57.59535872539193
-52.60678386929506
-52.427102044448894
-55.6702702013133
-47.8640032553112
-56.56930497003893
-61.68653468043974
-59.103545547918635
-50.71455409917148
-54.90013791649497
-43.54141878018321
-53.19719195756744
-45.86384549437451
-52.923986622860454
-47.868852265019584
-57.667555883385866
-61.06489149381247
-50.61072837232119
-49.44970111236999
-57.666905747034605
-51.607073733914575
-38.03080751615182
-54.0286081025488
-42.722682054613145
-39.84183839063513
-61.4728922209516
-63.620723049859045
-50.86146364380367
-63.96897508494094
-54.04987437550703
-59.09093928894007
-73.91402283130054
-55.40180268816561
-63.08654496766234
-47.98879732692809
-51.57264462811262
-55.501268890497535
-36.01959933873843
-49.05549483187826
-53.82608819045073
-67.4488153598904
-41.83321901495625
-55.921025802619894
-38.809722698346995
-60.2194632033476
-48.87215126710441
-45.536192675141386
-53.642198006338596
-62.800775122067606
-48.76599837430737
-53.054312979395014
-54.264066371738906
-53.02374518118905
-53.69216196930543
-49.692235209685236
-61.55581281749581
-62.46773150286966
-54.97230502134708
-59.581130550951805
-65.20541815902405
-63.3481942335181
-53.35247762499865
-62.4261375198118
-61.16538870387726
-62.16217731957699
-70.03117502428063
-63.74546196041463
-59.21119184834039
-61.56104195597336
-54.467641581399484
-45.029702599176275
-50.19499095916557
-53.160439808300495
-44.67004816810609
-59.423200634400146
-55.06275038074375
-63.922817504524616
-60.48766496229372
-60.28586794926612
-55.30334877436384
-40.864407019791834
-54.14860905727739
-54.80529826782483
-50.839873036817075
-52.86097726056883
-48.22185501534159
-46.32107783599586
-52.185822292114025
-48.97216654684373
-54.19924918480065
-49.503782374280846
-50.65818504557166
-39.83664311867807
-48.37630659309614
-52.089234390896046
-51.60503577534245
-42.43178560411518
-45.26506545774287
-50.23027874884815
-52.65934079719749
-49.375434243284786
-50.824705947535925
-48.57930115505906
-69.14044945019508
-67.54330345025924
-70.65965424032657
-62.19027551606222
-61.126399197324865
-48.74166223607058
-53.44495472941762
-52.10501550587149
-59.20718987848232
-61.197175226239224
-51.38971675580741
-68.50173292811395
-56.29304938905882
-48.84640413586048
-53.200548602287945
-64.48546341966005
-61.69892677246845
-62.897348525542604
-60.245688572346616
-57.10285173427127
-58.88342607500346
-65.89870893816887
-64.66464316285602
-61.98582912699551
-60.55317804000997
-57.939941803394305
-64.12367912863176
-67.20344418863282
-56.32484862273721
-59.74246383284588
-54.11567409868593
-48.48038163249619
-51.52713236053593
-53.413751090912314
-54.049610759167656
-45.44940823516021
-48.756529867813306
-54.22419375718143
-56.03600397147015
-51.20687329278951
-58.14736872134399
-58.87022735687721
-53.61503944022846
-56.65809153954839
-66.0534579320945
-66.3384974811929
-60.974561836601126
-50.1854589333917
-47.30555282231239
-59.51758599184011
-55.3601905013151
-68.04754638460396
-55.91597104749086
-66.95532534379593
-60.52732676177676
-55.723756849044925
-56.50449974411034
-65.32770470373653
-62.79120374929095
-54.04985006387915
-57.33387500501751
-59.58264020804232
-57.3520524226421
-55.23091490274458
-48.53296619738114
-57.27631548477873
-61.70523697420659
-48.63706371536598
-46.81904300890022
-55.66112005470421
-47.88218348463081
-55.05087415812947
-48.56822098425517
-48.85948364907167
-63.55609133193566
-51.358146098637626
-55.418492129047245
-36.12196876905188
-58.64745025834246
-58.9596842429427
-51.04275069309442
-61.59096814800029
-47.97781079033219
-67.4930883210915
-65.9491041182959
-67.84341712710652
-69.04972308912099
-62.73462587475245
-61.028562325922515
-72.62096847546523
-74.51953087713336
-67.22655148492673
-72.61745929141885
-62.07904868698052
-65.06648190904154
-70.38821092261877
-72.6340488526645
-70.18383479072382
-57.0461628166522
-66.31318982241253
-60.218091914468765
-52.06582836687987
-59.73914227941475
-55.93144700608124
-38.178182126643875
-58.848556253478094
-44.731284929877575
-61.93219350010109
-75.56422894498999
-55.24532392660539
-53.99486209935159
-51.986061664418834
-58.39706054825882
-54.9455452381275
-57.1797159102033
-60.832495133018945
-59.481046083399455
-55.612003560529466
-51.51223788499708
-61.45726965092976
-50.406477020770666
-56.60710407652958
-76.85443885246964
-61.52789782564704
-60.099942706231765
-61.417123375031856
-48.554516956950806
-50.754836603336734
-52.95926139788854
-57.362946609200506
-58.807493361345685
-65.57291870097275
-63.815582696560526
-73.17351780865631
-63.67629514388272
-68.52913637723226
-70.4360084408142
-71.92657658883613
-57.690155217110394
-66.60531216006899
-58.090064752224855
-60.17620333549943
-64.31148736002964
-62.51560845267933
-52.767542263382076
-55.0642598677997
-64.0682902472003
-73.08635410596966
-59.75921197469826
-60.55535933326002
-62.88621680406382
-64.46746966081355
-57.59188769124248
-54.163765791525435
-69.82553319347237
-70.44188158496083
-64.08688324667438
-67.2326530799685
-67.56450975040127
-51.97935996570954
-68.06959682550777
-58.93714278363874
-50.395933626271
-53.70071600377226
-57.07894632655386
-45.206102440598094
-63.362539929325315
-57.988572458597915
-61.861460242382584
-63.75423282189139
-59.1533892944877
-52.02418893279902
-62.27509590033134
-58.11660382647605
-59.729106348904445
-58.239254263643524
-64.79643034796229
-64.42348306037105
-50.07337997254117
-61.21423289253321
-56.822443925300455
-48.96098275792327
-53.758385696665684
-61.96040444204678
-75.16270896886151
-60.05401207880235
-60.84262031286357
-57.097617208337034
-62.61690410013029
-62.140146001109606
-60.14457575562773
-57.42017522726532
-54.10123252935254
-54.87176245409058
-52.62727338026543
-64.33321804354459
-49.30292908979524
-49.56772982133938
-57.737715596461214
-61.94097515378864
-60.39355946332601
-53.37141789107035
-58.831921158512365
-53.49887400978043
-53.63407797795203
-59.145476672257644
-66.30146126775111
-67.27840057432905
-56.30129133916026
-60.01535159543295
-47.54836587495568
-65.55113146080942
-50.12500514706356
-54.21125818601985
-40.70451699700574
-66.90801414056541
-74.88112433312145
-81.25242163629188
-71.40778801338533
-75.2777013035849
-80.02020689651492
-75.03058437573299
-73.28119508406554
-45.96521701607302
-53.63680269159991
-61.02051331736957
-54.77462909015311
-56.12776907824096
-66.65438621073916
-73.58564683457664
-75.09273286099808
-73.95891055909492
-63.59489041743379
-70.0267280328169
-81.07819741681628
-85.25186718527422
-93.60252634346438
-94.77118418672698
-61.71793342109529
-58.48442260095795
-78.20140165422401
-51.98710717548215
-47.96527245707498
-51.23205547232301
-60.298730320820795
-57.34342500402372
-46.24296486172518
-39.698823473810975
-53.44445496629285
-60.42446258366602
-49.232304728295716
-51.76310129400749
-67.26136330891237
-68.73551696133688
-74.70947643579362
-78.23034683845347
-78.66342289068626
-83.90536972656803
-69.70091044293632
-62.78829250591787
-83.79171335056337
-76.48913907188138
-85.48797162616623
-79.65694507047712
-75.29593046699581
-62.40590369343052
-44.664948651537586
-60.62572186927063
-62.21770107466501
-66.62417894567956
-72.89378174887543
-55.10280193369551
-58.75081356094526
-64.69336993498514
-47.44722045259657
-48.09301698724325
-54.09968648946272
-58.55384716559025
-68.71761986932854
-62.23742842704705
-74.16110182149374
-70.17891823008479
-74.54961228397585
-68.2835394901273
-46.22646300797682
-50.32720335296737
-61.2192064764092
-56.802634088574244
-82.2223785295308
-80.07566528373924
-79.47904874577713
-77.54210682825253
-77.94881958729482
-70.18395123889844
-59.652503602345405
-63.07940346940079
-68.82464895700214
-61.831476770490134
-58.96549037380209
-59.77077965093544
-60.834470010493035
-63.436639083616406
-63.18185096443623
-64.78254239796057
-54.61101390571173
-62.90756300308552
-71.19483511376187
-80.81255436355572
-66.81683254296264
-72.29023340503868
-59.72877396068325
-46.429617140636324
-56.140133710494
-39.45139326668587
-47.79148217923983
-51.058539705786444
-51.82080685315594
-61.22455394664168
-55.905419022804104
-65.77331774381634
-61.4815994535359
-55.70194851736162
-69.61550245641786
-61.07536235823447
-61.678112059623786
-65.51086051665517
-79.556288042812
-53.45203996549031
-50.43298619956214
-61.65697874852546
-65.91020587094836
-65.87332643700685
-77.90583001597626
-61.38266259832008
-65.99595643893053
-65.81336846652677
-70.73879842009596
-68.66653587371792
-41.87996446680305
-72.23439699621268
-54.292994866060845
-54.69499487290121
-53.453443629908
-55.91056541046171
-73.28237607796274
-68.73688322699323
-72.7629120128922
-63.99210641559518
-80.43803137023889
-90.14647712503631
-90.45193331697278
-74.02494994674913
-71.72176090087027
-57.00594138768246
-72.4434721382522
-54.4232233861996
-70.96688044458789
-83.12921717149656
-87.23912216664927
-79.20231202505425
-59.53397724037842
-85.14545331343385
-57.40592122222492
-77.1386480215948
-65.7365650059492
-77.85319589925582
-59.60167301342955
-56.788903657635196
-61.354348300857914
-61.64704763025677
-64.33571953295701
-72.93449130389807
-51.06746796873977
-61.92645506024082
-77.64820957151571
-57.605166936961346
-77.39980224149643
-95.96408398161608
-82.4732257852474
-90.636053757368
-90.89311241409577
-86.41449272858036
-72.91637409443007
-68.66482011926672
-70.71293763217902
-63.73275979708995
-64.60402884558259
-58.348482073467075
-69.35521220100338
-55.2281388017521
-62.449629646301254
-65.05090305214915
-81.55972116841346
-81.41125976784717
-77.52553347207535
-83.98307555419721
-79.4353511579732
-83.55001309817222
-100.31202324326502
-104.54091495313415
-91.87698585788306
-76.78856278362268
-91.94154323355335
-73.37036255209948
-86.67904723236411
-54.60389258286868
-50.32409636134319
-60.97119425730534
-78.27615254672018
-54.3563555333738
-72.59714760401931
-79.75663738171325
-65.36292040764229
-85.39802925847977
-107.33827019091706
-74.80777867893771
-80.08834733068015
-108.76563067042245
-90.44756996227179
-66.71355658845025
-72.32972286222794
-83.51581869752297
-90.0839580963175
-86.6450378315212
-74.68755017962987
-54.185136350189914
-80.18901099346309
-46.33999581900443
-63.14597128873962
-61.255433053873915
-67.04616464802768
-53.18706218511671
-57.59104812431465
-67.71243038544814
-52.540027708523986
-83.02567522309715
-109.3083809949237
-72.8604447535806
-67.2770781632674
-71.61297246143715
-67.44102298578659
-51.39664582909095
-57.67829286303186
-67.33124142301
-49.73604334616722
-80.9425686412588
-57.394220022180285
-52.58866097333396
-46.58777714473104
-54.38435299191543
-59.41887177166463
-43.476870701877196
-76.52598186932349
-55.32332810321505
-62.704743923134274
-52.38796049817653
-59.853963811270155
-80.7182738849143
-68.20431321104043
-82.9364457401293
-72.00733638683775
-66.92170153581854
-63.456124170501184
-68.2269396176156
-58.36706263329076
-68.77731795004426
-61.50640578394498
-61.11766772223964
-71.3642788581624
-54.28480605891625
-52.70957750501441
-75.22740846606332
-54.8317753527708
-68.54529125553236
-63.98964625188253
-66.12988178220938
-79.27718237447256
-90.59656506592977
-83.300267190616
-51.82499702532538
-73.70215692005047
-53.52209243882225
-59.92867822148255
-48.661924439312926
-65.98732207871156
-60.98456635972371
-56.490844793239305
-53.25061538900637
-58.272692231610115
-51.17446722360634
-58.340759182819056
-75.59330692132204
-62.9401773480452
-69.62256369570366
-69.3449228235597
-54.455968820010746
-80.40195049031145
-67.49822143653802
-69.2371159854912
-64.62328994639991
-57.63959425717206
-70.20221906786897
-82.50364746477798
-76.09718023565392
-55.86938564371953
-82.04031123305836
-64.85527979643874
-64.56680744745574
-67.69405648769273
-69.09123665133714
-65.81823813539243
-68.94539212931087
-55.46955261383046
-58.52031600056678
-73.33097813978321
-84.69245423919813
-43.743805521420626
-70.60960000801558
-87.377877693493
-70.679740847764
-68.73687746590863
-84.82585160880706
-75.89155365652877
-91.14632200812532
-76.17871142323267
-78.87075664341369
-77.9361596800648
-77.96284257106983
-76.57999867251645
-79.78538469629206
-87.24558242057984
-79.84248986933154
-73.00505763193115
-84.68232945974782
-74.41571448097707
-83.96653389490969
-68.7277906754688
-68.8157289396416
-75.09149260001175
-74.72039144227578
-69.6678429170128
-91.6551700056308
-101.43812519945612
-91.78057695059624
-101.29865784768654
-83.73110613010584
-92.79030266551975
-100.66218067352982
-97.51465391421812
-122.83249068242537
-108.7174810020957
-110.21440446259632
-99.11195952084472
-119.86112610488152
-95.6093102295586
-100.80177144238684
-83.42224347314703
-62.32108932798573
-92.12724023572538
-109.96833254092114
-74.42176470163737
-80.53617388936189
-80.33190148518781
-78.47349323432084
-68.02251065029225
-70.16063035521283
-54.75429530652513
-66.01765501585714
-63.58072556983634
-52.704738557558095
-45.72039071794517
-39.16609762254542
-55.23328429630045
-34.27786950162097
-64.5470830042695
-81.41593864746442
-67.82455999253033
-62.05835334834921
-67.76639238591846
-49.6995557918719
-68.67084417022251
-70.38824003315716
-60.2686960527697
-85.08750241698029
-102.85539013475241
-83.79640614174644
-76.92453360438994
-72.0598853082009
-75.20523707917424
-71.32752268921637
-85.00896406332592
-62.95305201479559
-69.76233575107972
-93.63275214849943
-81.93655790621797
-81.26099177662805
-62.365802120238286
-55.583536129865585
-52.869360716913825
-68.07788918422555
-89.44458136470338
-72.78790049593962
-74.33638355387299
-49.20698532611968
-82.50381999131095
-74.56422964558719
-81.64433578766756
-80.89304918303611
-84.2156871908556
-55.03165916787935
-62.07604002020662
-58.555411432468304
-77.93430758913793
-76.82547215759983
-108.38657938747787
-77.8806754788181
-85.1175237047589
-59.60822233570879
-80.76791347769698
-78.018069716303
-67.33499545031879
-94.076209775678
-88.96575363122201
-82.07137661332817
-90.240353128043
-74.1291869773404
-65.98857848217243
-87.50713443239486
-48.89888503215336
-61.119225091194764
-65.33867553147115
-72.75817729200416
-66.89423837709984
-70.42908945454428
-60.51607253803282
-69.33768591012957
-58.08588696570959
-70.7180343778872
-71.4920754489101
-76.43637477397644
-82.78915286984356
-71.21143275616757
-67.39036803180814
-62.025801104355196
-42.853696025319636
-60.89185353409313
-57.472734600960365
-66.39918809137103
-60.8304867968428
-52.338715483519756
-56.323236038071386
-64.88555831065645
-56.809280687923675
-50.636421018605695
-53.44291497479253
-72.77449682103617
-77.20631936361949
-75.37068242276244
-69.82673279894314
-62.62356742943912
-53.94311606074638
-61.2677974767024
-52.70081491142779
-56.657691857391036
-61.29601507431257
-43.920886053328815
-72.7678867582437
-56.773652259235966
-53.96468785999479
-64.21703846137845
-56.8087795004382
-72.18611075853114
-62.647248371394056
-74.17410001921067
-59.28191400839321
-63.17471217005125
-66.33172043758613
-60.548091272414844
-65.8726984973476
-55.28354964311475
-61.094463278138655
-58.43372159660468
-59.838474206724946
-55.67269668293808
-68.32288934548549
-44.50191362603095
-48.034787507867165
-60.09758350277554
-58.414773384518384
-76.46846648574088
-81.86342705459379
-65.41464560205796
-67.46994324621964
-50.50988440225103
-65.72642555455941
-60.66146997978722
-58.30205051760805
-81.5455890924234
-87.01514803406046
-76.2570140059483
-43.676394093077384
-79.46356064754119
-79.9504008087839
-77.16278356329785
-88.4072530455883
-74.30788990037586
-85.6704666518346
-80.50327784599972
-71.3811924804073
-53.583659545841456
-66.28453435882295
-65.57242512661452
-66.01212070152131
-84.23618411461094
-69.80766649372212
-48.703298698443305
-82.04107134326661
-109.77711324621478
-85.0135265021195
-85.72203520260726
-69.87573634926598
-64.8345429683346
-69.43886311674417
-74.6161787365383
-78.39758572474967
-70.57387413769912
-74.3274340589197
-82.4387738682908
-77.023934306752
-63.709231393914706
-58.35392123205994
-71.71351409875001
-75.1429816082995
-61.742343014476
-65.86557858863426
-61.186502505692594
-51.044289866812605
-92.51790146924832
-74.55444142603798
-82.76985876559122
-57.524633971078295
-67.0205166035767
-79.07215300424943
-85.59172421176244
-102.23429954640694
-71.87368798101839
-71.05368955773501
-65.37368774308297
-73.27067035113444
-79.14478233958538
-87.4939498690669
-77.33536164429212
-83.53175828843322
-89.68256501753989
-51.86095766881068
-78.51763639449835
-58.52906816548281
-65.4203685460406
-83.41448240395655
-95.09106227552245
-71.60783679140887
-69.88315743032415
-82.98211205044043
-65.32179305374413
-64.14722832471453
-69.84206960795399
-66.08494586106025
-61.42590403843209
-64.45947629963041
-57.379733302898245
-60.04917921179179
-61.46328289240555
-58.48792522357597
-63.250506465131856
-90.44275597807801
-80.47841043193108
-73.23148418288227
-75.54202224280033
-71.49022210621717
-68.56570521673788
-69.55730404059372
-55.69645240928755
-65.050617168063
-61.02850538468898
-54.919213112802765
-51.406431412512866
-67.05904203223001
-70.50984576945777
-69.96730292001847
-57.60452934625503
-74.45141761187088
-72.64205106214615
-73.35356363837127
-72.55830997844254
-70.56601680552961
-75.5985716976963
-68.29737110003441
-74.88668779687856
-69.88078214194284
-73.87290120508345
-68.12482853750579
-61.2660634614752
-70.6631246342211
-68.94684476111274
-73.04536752937103
-71.63170291147009
-71.8192753997282
-73.40030841448912
-75.62421652616698
-73.5917856408746
-73.73255918123779
-80.29616518696643
-71.92202134424689
-76.70062285372398
-90.49652163950127
-77.34083087521053
-68.12187807924442
-75.93826024926703
-62.444669238808785
-53.45998334202846
-54.330157043695706
-55.555235103277894
-59.64512653151834
-49.32723723609015
-63.479330696893946
-80.96529503817469
-58.42126088288417
-69.22035135584105
-76.3535061280914
-63.27723233195012
-66.32411195981952
-94.01180949990074
-67.95709381585587
-65.04494981893502
-63.76680847704482
-75.55412065171332
-81.68293480921866
-63.40342442525447
-64.14881456441927
-49.00555864293915
-62.78397764682444
-68.53197365184568
-65.75094340093497
-79.46987011458073
-60.63867006646997
-75.43333639075611
-61.73331630949035
-69.02500390073081
-52.23736335949439
-68.95689160423406
-61.785621984316435
-67.661991022138
-59.139732203764666
-49.142881576715666
-57.63799962652661
-69.11707621795978
-65.22812626534858
-61.546164292526285
-71.74336247297455
-65.21228211095843
-55.30052076025405
-78.97191574313429
-75.89359033822063
-69.7751217684825
-76.2557966271917
-75.58467623315272
-80.9821320012545
-67.49035376975478
-83.79426158765608
-59.23690543308866
-74.11167179231936
-66.92983294233476
-80.10833604778685
-71.35126171374618
-69.87786574885635
-71.85981923363988
-67.71774366041136
-70.80966903029564
-79.67893165889737
-73.19836616545969
-68.17625357104168
-72.75206152166373
-63.38820360266126
-59.55625690272943
-66.05153959215865
-49.443117120694886
-62.25681429983625
-86.3048507866439
-77.71526268445486
-68.40782611824228
-55.76032279451443
-68.76238063674256
-74.11025777048525
-76.94528139118417
-58.22601097711962
-61.41332646658698
-56.138227553339014
-78.32321684484563
-74.39034736483235
-66.8541905369212
-66.78759462087005
-58.84741814021031
-62.125153618297624
-53.268181232136705
-70.26882337938261
-66.49055418817937
-48.65512009504154
-47.03078164029273
-56.161334248081275
-60.719350396982954
-49.199339718081035
-52.021510406460976
-50.91869163635762
-51.31874571351682
-65.36999066054267
-54.63363114106124
-65.25343928746649
-70.32332848336134
-65.75137271164508
-64.01115715484791
-56.4601891047441
-58.63566161952678
-61.781339266010065
-71.20414755546652
-69.79030994555998
-69.55568402296005
-55.733878318352446
-73.95906301995689
-55.10461589824333
-60.073400525155556
-70.38039168021677
-61.99940759516527
-61.48326208731473
-62.308756295477735
-65.76542959275584
-78.49625281759187
-67.5380089982806
-56.990688885539974
-58.785723415324256
-52.01461204605612
-57.957407655217345
-44.68327498630255
-68.27054617046127
-60.518181298708285
-55.04441483022647
-58.081782833358524
-71.51760941920963
-65.38105345741654
-54.624011313320686
-56.318541702231826
-73.08978065945416
-60.30519087818243
-70.16823836017996
-62.73311320802995
-75.22407673920948
-65.24587304584769
-61.654407567380595
-71.42964912863133
-64.96474690417989
-62.42474170058074
-66.37909995060778
-58.47567840738238
-53.25087472563633
-60.91224417125185
-72.32315791540883
-71.8049145640059
-71.21664627688924
-74.84234061707122
-71.94994795380616
-66.70437593087085
-59.72449955309121
-53.01859099233282
-62.84371341124293
-71.31040068054669
-65.78614617845645
-66.11081667455124
-77.9490619560793
-76.21390115609964
-69.41221674378599
-63.490710381934306
-69.0238264999219
-67.23664791849507
-72.61366882510939
-78.77721799290929
-71.72565194996032
-65.69172564781279
-63.494739786702354
-63.114794888272506
-60.12815338912769
-83.53492249618958
-81.52954392155162
-63.701918095241034
-64.53266202440597
-74.82960554796847
-70.47449539865539
-79.98496890509149
-63.63291282373086
-78.75961450439864
-76.69946056029156
-76.88598898326725
-59.71281561027286
-67.86617832587865
-70.5779576156626
-58.594385726886756
-61.246210524598965
-72.72278211997022
-64.27493348551073
-57.702984726482825
-64.42362428656084
-75.80691170927788
-73.51566828246922
-58.53654249738287
-59.610301386095976
-61.31518386425194
-56.97630379474732
-68.17190443434342
-76.03575641226112
-64.75391113679723
-59.37042252137525
-63.91180524734778
-56.44772540867486
-65.28873749564272
-60.99342335810732
-53.18678004952752
-73.08125191777212
-70.50749787708328
-75.5477278759739
-69.37742319663066
-66.88295087522116
-82.2625080176725
-76.86460619847233
-56.790991026205205
-63.786797440317244
-64.1804586598105
-66.47362198774309
-66.51309312482226
-53.56023182019744
-65.14288094346969
-74.92927879238944
-69.59048091920634
-66.81711398840326
-58.96342159150951
-67.76037849072921
-63.47828813377643
-60.79882924085317
-72.6333105246931
-51.06908750080163
-55.38453870204484
-78.72985597074148
-73.33621442782123
-74.06741103244964
-68.47760907782336
-75.02647611338057
-78.84352057206841
-66.37596083383471
-51.918050236316866
-58.337173642202025
-70.31234349884934
-77.81893014747
-101.66675442587811
-82.60145703672039
-63.96432492529427
-58.341257351582755
-63.124642382902024
-52.22452595950077
-57.23184961161077
-60.84796411113618
-55.040523343012744
-73.73692238775043
-75.18476097419163
-64.67775122294451
-68.98049532538204
-76.60842645899834
-63.61784886108469
-53.83527865853352
-65.14196032417333
-60.371141323616555
-53.88181505884167
-53.46278607918754
-66.88922986008741
-67.59623926622632
-59.09094852363352
-49.348306038084246
-75.89381368632253
-60.319799099061804
-57.841323715226146
-69.38923113373374
-66.37802603005417
-61.95816492614415
-49.245540712653046
-71.7733522085756
-75.31455815414809
-55.950121194153965
-54.64093970939642
-56.06434630428155
-59.769418872863795
-59.91233102491987
-78.70838096195119
-50.385765390380406
-67.39463943850201
-72.61574243079488
-57.54883835881208
-54.71426969351259
-51.609729591563685
-54.26869444918773
-51.65561836950993
-57.59527508186648
-57.99431148671954
-65.9870963436644
-59.00308967153207
-57.37125076105467
-55.506019264970185
-73.6809310877507
-64.40186183859079
-80.36910448998272
-80.14111990881642
-71.88772986381584
-63.533008985354186
-68.63466385526718
-52.122389916730505
-61.09732705217613
-80.4724405571333
-77.98185871217126
-62.28524295915318
-54.05281632415597
-82.87941105154947
-80.45826623090873
-62.94259690485811
-78.86041456468159
-52.60944392453517
-62.95672961296815
-49.63744803125922
-52.67286081696163
-60.93650527631516
-56.334316971956454
-59.14642821587966
-56.06444967937496
-58.338417383759655
-60.54098077605351
-63.14734029762099
-58.3534462353054
-60.73937572503965
-72.95250111235319
-68.27536438646788
-59.5114610094398
-58.97608605332064
-56.86504278789187
-70.79416530851695
-48.61390325782934
-53.15870339202462
-66.62483683512787
-70.95942683737304
-55.71797767289075
-65.32693445175433
-46.39643949129832
-57.20666895297457
-53.135157086372885
-69.9277226945545
-57.20039127547994
-60.6225713931668
-76.90249019955561
-70.14622024323899
-60.07937597186509
-70.86386248064628
-75.91657124787426
-73.87313133938416
-58.68197613113995
-46.91688457755945
-67.49957552717309
-69.38630171694186
-76.79214663245763
-55.596093913735025
-55.55932219758938
-92.23191884967444
-75.9321047450527
-52.635708965109245
-86.77573068279214
-58.068011296565935
-77.98901403720295
-69.44154646581981
-47.93890438252299
-77.76075025882683
-84.11279304754301
-76.45084057299974
-76.0402005275589
-69.53052607316954
-51.27636830643617
-65.3413869332852
-62.69683159152435
-55.1904011712954
-67.60688310855404
-58.02793014864146
-64.71468133423949
-70.32916628849928
-64.3654273884281
-53.27913567354674
-66.03110405711391
-71.36637368042757
-55.39199188002168
-55.138549719734684
-49.66241482001593
-47.60412520212037
-52.22889225849086
-55.56024643185473
-63.28826147980815
-68.46378088460243
-63.72390732528142
-67.30302911718121
-50.30093781484315
-67.61609906857754
-58.37671460138602
-58.36456431770155
-60.75622705485591
-56.16479973787739
-60.729925882423565
-68.33745334532833
-62.975015981362375
-61.139966962744005
-61.598913380385376
-77.16884352016679
-72.64921706056286
-70.64898775806127
-57.76918713461767
-63.933772077302926
-66.69306456614677
-55.21352086102764
-65.93881418185616
-67.16576859881984
-70.41143863351621
-66.09824802169203
-67.40283894027407
-58.827556813607416
-73.83025646903859
-57.51113798179197
-58.540764161053595
-65.23631888807473
-51.64172340041745
-70.12449175761093
-69.68986990994912
-64.3570825193828
-60.843078778489286
-71.99992847631204
-65.44288408436225
-52.222776497916065
-61.664326244095655
-69.8942466811345
-71.813263592942
-69.17551304665152
-60.37206579238866
-58.9037817967633
-69.7200968255262
-61.284370202493
-55.998821672660384
-58.396969964965045
-77.15244486340083
-67.25296302188248
-79.8298718406066
-61.2019669089739
-66.63441006212668
-50.08116437647297
-62.85592449911638
-78.27591398387196
-56.975175333683325
-72.78985089470274
-81.32771341445778
-90.31695934938553
-75.15245277997184
-76.16658991934776
-75.50520661923773
-70.58903004713305
-70.91227029871627
-69.34409129975688
-78.22471450520857
-74.39681455164849
-78.0787370264429
-74.4654785707724
-76.44919557288385
-60.747063274692906
-70.28998365490585
-55.714924716760024
-54.16555368928578
-51.88891419701955
-70.11109114515385
-69.2527888879176
-74.09611386481498
-77.861300992037
-71.9725960346524
-72.06167169146211
-66.69251191358094
-74.0860823784843
-57.02187473699377
-60.076713675710046
-58.68312965687983
-57.9869735781461
-51.76174263727202
-74.9311817421887
-61.01153113787736
-61.07728560674862
-72.6356145015266
-60.58225189452905
-63.79374604183563
-55.967828266959
-63.77235406712509
-72.1216340816253
-61.66112608124965
-57.26071075625741
-56.12449474635262
-56.391286192101774
-55.70815761082141
-55.03724138794125
-50.193709036993006
-67.40581231185001
-71.01773714212126
-64.55454293507545
-71.18312288915652
-57.372104583472186
-45.803352367895904
-54.52972160334213
-61.44648434061251
-57.15573902457748
-48.666942200587954
-47.25911244705555
-56.08194525354131
-63.65204904355738
-68.36026295270553
-46.60189292975709
-50.84718930556178
-57.02376401923974
-64.71190971508157
-68.81224649402265
-70.91415771641728
-62.32044841088861
-57.55940579605635
-56.42123702754347
-66.2049415774571
-63.03773602850158
-64.6207730942059
-69.0898050605524
-69.01945040166375
-71.26761232013875
-73.34258164581833
-66.24500937484608
-82.04832258961069
-69.9301725074207
-76.84145446035642
-72.9192400255561
-52.652073163674466
-75.8845893384079
-69.47847192167373
-57.360962613072246
-49.473714212105634
-58.61103510849781
-56.964407431632665
-59.184396240865595
-73.17446144848309
-60.65739878464374
-76.94825277879038
-75.9986516305882
-67.00323467379447
-69.39946892370821
-56.72632250249485
-77.77649253323246
-57.962328916622006
-69.43959986109182
-63.01351949105446
-68.13393494524969
-59.01683255464789
-70.32282860829721
-66.12012079358635
-56.695726068851876
-64.32264561283877
-50.32432520568867
-51.01719511511848
-59.17072742392112
-65.05626582921867
-63.873788083667215
-63.73765008668984
-62.04719715041778
-68.62518677097243
-53.33142046161181
-48.756258037863645
-71.37711823984627
-50.18426415100009
-55.489711155167264
-60.511168168496155
-59.012805666019744
-58.836123200029725
-53.88107325253585
-88.64798836035422
-56.67979192721017
-82.34601943731589
-83.705158911422
-61.567494108399025
-69.76972063199146
-56.36385606969389
-73.70870832630922
-60.17868085753519
-52.314898919559276
-64.87247694822513
-56.54694080344924
-66.99386883746493
-65.24207233730586
-60.90158443655438
-72.72434871662172
-59.36790363031356
-51.675374204101836
-61.97956946116128
-73.41794925322125
-72.42726449660928
-79.11209640738622
-53.263394231234535
-81.97656296234359
-90.97426297648347
-68.37837989601537
-62.44045724905128
-50.51737821992696
-57.88423944361045
-54.84869130523234
-55.17768646423531
-52.59030037248148
-65.07060667342868
-69.08084004640769
-42.527235898407845
-69.40440539738044
-80.03236811571408
-72.6349793923486
-77.39750659928049
-58.385281516247105
-54.38387811644571
-69.17638506332212
-68.9525633859604
-60.91618506121558
-58.24050485750826
-62.83372299187619
-69.65056312698819
-71.99884186554897
-65.08850153552831
-51.860675780062124
-53.28974622923985
-45.998302763235635
-51.42757630807001
-78.29810000665313
-45.62356022339856
-64.76713692047545
-60.93031888709936
-44.886060472765585
-45.4153516793903
-62.06976319297282
-62.825797050866505
-56.44197436817959
-72.01660095545152
-59.702340571012364
-57.27815677839838
-63.149608659507805
-68.80962742745662
-78.40679650693534
-64.61249465812963
-71.4958314380462
-78.19356354271282
-76.40801109033089
-67.6322196161252
-57.978264245562535
-63.332236183339795
-50.66344094490027
-75.99898765185996
-75.89765594764302
-58.37752328517779
-62.473842169611146
-52.87011270344764
-56.5125921119402
-53.375756484126974
-63.87593336110359
-62.99132260571611
-71.85122917587954
-66.11469988879661
-64.85503498938535
-70.22796567738008
-59.907738054690235
-69.03389710457067
-70.23421679708261
-66.09662499266027
-59.63372963410654
-67.13424532554679
-60.535163247048715
-73.23586568598152
-73.55209767721492
-70.43929266048448
-58.52570226267754
-55.02672643343297
-50.83158540044838
-51.30818051941688
-59.98377768000741
-45.52683265716843
-66.5763439769848
-62.23494136422274
-64.87207059446199
-49.66581969601004
-70.14647321300953
-60.45156120647894
-47.46958476677289
-84.01539847968776
-59.122809163173386
-71.18792824287144
-65.93284826591359
-75.6821183995139
-68.99403473815889
-64.38496054906854
-51.24586654741574
-67.99163283900735
-69.65941986403756
-68.43401259715708
-66.33921682705058
-84.40841363851699
-68.46563190611022
-67.63794151058374
-74.41718532326412
-76.86031391054557
-76.6394932490449
-57.2145427399114
-59.67925212646839
-64.68672703470756
-72.63614938192387
-49.895850342866936
-55.585129953901436
-70.32757865013195
-76.87382488906698
-71.16113722682195
-72.01792382392448
-79.82539112024578
-79.12922707744639
-76.57142115148235
-73.06776566098704
-84.41520007224234
-87.70228309982707
-71.18672211020461
-63.619455677615896
-63.67837885749127
-65.46046307995618
-69.81318155060684
-73.3536233825851
-84.57340703534955
-67.02231344932655
-65.08403246765788
-68.12596912350317
-71.3353209763581
-79.67891648737358
-61.26744347557979
-78.38602573913757
-73.34706498599208
-70.95500265251985
-71.31313941071001
-71.48177614797594
-71.37966337136784
-98.20182616364227
-95.30397285742674
-63.34561529140223
-86.52386063434906
-86.24161223838345
-86.14715612933806
-71.7692667683293
-74.57817719804525
-55.5804710164228
-74.6451075761367
-66.32420154777192
-71.85475276186936
-62.16554827046953
-58.96345713659565
-40.14833509949777
-49.04407849566473
-46.812973038857834
-49.55295556305666
-57.17955613256268
-57.22860303482165
-68.05459312697312
-56.84271766515859
-52.91254325566537
-72.48612089229798
-58.254113648657466
-57.4477826032776
-64.39014741540444
-84.27889724355927
-73.19384804903645
-62.375432586851815
-70.19660023620202
-66.04522540649374
-50.36553708682161
-58.14595516303932
-53.11846405185668
-76.46880498161616
-91.45540195058237
-70.21505913664038
-68.65613058723805
-78.1039572326164
-52.95363852980225
-58.57568164970407
-67.62933826748575
-62.31670849674949
-46.728816216527235
-60.272568012465655
-74.96287496139809
-54.41691557665584
-63.167227335958074
-81.85796418197674
-83.71018652741951
-63.686389389176725
-63.04277905650809
-71.0092930021235
-53.51184210494495
-62.32377563607005
-70.72991830808184
-63.372779555748224
-40.38752956536403
-67.15547046406712
-71.60136187719388
-71.95852279146436
-70.18883386260246
-61.920982771414074
-71.09862489829223
-59.538534675811064
-57.296923658139804
-51.46443328707545
-57.38064542448402
-63.076968164817394
-51.95956386949726
-59.614018868766884
-56.266512417626565
-57.80424383178133
-64.18672126747408
-63.22330357991672
-51.174684611803535
-49.139554489185656
-73.87590466494308
-52.98275828910639
-67.7481024818206
-75.96345878306
-54.56768888489875
-52.1852459241677
-56.769965304962774
-74.65661672174629
-66.05154512123052
-54.04808443775892
-67.86944889053918
-82.04240079023597
-83.82698143468916
-71.38307232333739
-59.33586646684038
-62.97504377958467
-46.71298732002495
-70.59653384944504
-49.06119725402194
-58.638680706228165
-55.42746461292267
-63.122162813509576
-60.27499987001419
-50.816677432809335
-63.60534617330916
-56.030883260381124
-47.5356295142017
-68.05158591929009
-61.821592531130065
-63.640822422859884
-65.30331215490973
-63.036880413272
-55.79072046497634
-48.252172015922866
-73.44182074625435
-59.555983960907
-63.679712516610905
-63.585183239512695
-72.71731591455897
-77.31437608613355
-85.55989983208376
-65.27033038095324
-64.36640351765539
-77.80625071337435
-84.16044911935211
-67.4876809048507
-78.08785595339644
-78.14175939606905
-69.1941280619338
-67.33126017557016
-55.680136118377064
-63.478912901204914
-62.30901989692266
-53.334280842384544
-66.87079941179263
-65.84548045578043
-76.4902569850008
-84.05888876320029
-85.89569344272724
-69.48718199199807
-77.89975583228791
-74.08280628527193
-75.41989387745777
-81.85216727527033
-70.53782432639825
-91.48679825236371
-89.5725515605476
-77.86133893564809
-69.4860157355292
-66.15510307576254
-77.3062306410882
-85.95104782951827
-65.76933741040446
-71.19973042057842
-76.19325381092776
-58.176176441786595
-56.155207318540945
-48.274165405880765
-57.676745522807366
-46.88941656557582
-69.41096733547809
-72.9967310504265
-66.04076551917261
-71.59866886688786
-55.656964685429664
-60.08391957982276
-50.220240355329565
-50.81409460766844
-59.753997923788496
-67.23516431445164
-75.59640644792212
-74.13875727323828
-80.04741110810353
-77.0266600952727
-77.88866704195624
-84.15708136829787
-79.43178097056135
-67.0956057834278
-58.120980961706465
-67.14896187512953
-55.322195028415514
-55.911197023345075
-64.51406118001321
-70.30112176706405
-62.44399837887416
-54.80419910609811
-59.224410237762626
-43.15071909603838
-47.88698739188628
-59.938402172238504
-64.13057981926148
-76.10774986707872
-63.81711372006995
-54.66378833206225
-78.53647399698117
-73.40230354602093
-77.74154076164565
-75.3932477236176
-78.13012447211234
-79.89719740962825
-77.14885849234581
-83.01295810730403
-77.63840900928936
-76.73798794895832
-66.06119894349487
-72.65753294080798
-112.94682174442136
-94.24614795054725
-65.0178827385224
-66.99991157818631
-63.811766224598024
-52.43688914924518
-54.76915540067606
-59.56697341209538
-58.03192936910665
-65.13284097819891
-52.074254620389304
-64.16903183725573
-83.67186800454607
-77.01442233318342
-85.24820582425824
-97.15988463209995
-95.68428952792644
-72.60533040165643
-95.94034913552441
-83.94609478281012
-65.76262129579162
-89.22529552973056
-79.98605256304674
-71.50318668517954
-61.92762750813303
-67.84144391568918
-57.62821954002249
-51.330144514443944
-55.419466026495506
-62.565963806454654
-71.6395177717046
-64.79715800484362
-55.145997116270365
-63.70472659570648
-76.20761424766187
-60.11212525245238
-68.54177002379285
-67.70845322957078
-77.62483471974468
-80.8523881091451
-73.39450993384425
-49.67826149691048
-57.70648095292655
-67.17049612929924
-67.31325506776132
-72.61643519316526
-75.81850854366037
-79.55506359285185
-77.88845878881959
-65.51260151069492
-79.32290290788963
-82.45717175270686
-79.05313001215096
-69.23500109093992
-58.9982931814194
-46.30010024006684
-54.06375303743955
-59.18676035390431
-64.61806232715303
-51.91088516262256
-58.67306317357178
-46.68998424632595
-60.144725694757405
-73.66592431325549
-51.6373811563485
-68.50846228486398
-50.72251017727215
-47.746318964699114
-50.99206327405624
-51.30243870550234
-58.39403606788413
-52.39217230387918
-52.934864594423715
-66.58868691705007
-55.53537532803741
-68.33872408764749
-64.15244356529557
-73.87934307395624
-65.70169897719327
-44.56436532268547
-56.67786758577429
-52.83292508834118
-68.6891076679649
-61.97925573345973
-74.07930705485533
-43.63665568393066
-62.65528534379399
-51.52113582012052
-45.50402457700357
-57.0380595022588
-55.39193627584961
-45.0539624281354
-62.51303129128683
-55.19465745019606
-52.11124852686353
-57.96457926208211
-69.72804991793726
-67.89341186702677
-59.976024344984395
-41.59269945517664
-55.19851439042648
-65.12269398714888
-59.81378316931961
-60.95251771844863
-59.91658441857476
-65.85489789024093
-40.9070826559744
-58.98786432746688
-52.79425809627446
-47.10337673665367
-55.55394916498917
-62.34406944924319
-60.246457771907195
-51.6774019821152
-57.10555782263955
-68.47600586940979
-58.90002737200664
-62.87084038712804
-63.97596085633893
-63.46393152891517
-74.76873102483783
-57.02116323691787
-73.54280783354474
-52.02232669056962
-57.603628327677285
-57.53957683693909
-52.582300717567335
-52.128380788498156
-74.51652282851789
-63.54353190668532
-69.63950383346253
-61.12907715920464
-63.69393201389353
-56.80410731302751
-66.2681024665378
-72.55063707032973
-62.480792170715134
-56.31947376239589
-65.28181023013695
-54.533386967782945
-60.98751323977277
-70.6967289371053
-74.77806588205466
-65.12366214373225
-73.0736976900992
-68.49492968293757
-66.94023764276874
-53.57520246937147
-57.94866896863963
-48.552829374794825
-42.083928259966314
-62.66156607897456
-51.67650943845813
-67.06154197514252
-54.07526098651089
-68.08893122480059
-65.63900624500751
-64.34771159718849
-42.2624349038344
-61.05175354084113
-57.532785046388526
-50.62965848876491
-51.00077358057631
-55.395898484990305
-62.679391930646986
-59.29845529883451
-49.58106880342551
-73.43103710033834
-46.435564459273905
-49.7828532444012
-54.008915191183505
-53.292338575637004
-56.317947187607764
-66.40319222238833
-60.54368402196219
-53.22409774114688
-64.24996748659669
-65.85005137617766
-50.08729777937369
-62.40645110163828
-58.90998969504942
-55.71581280547383
-57.68397998349278
-52.64094477498945
-56.195838360607326
-53.932990028367996
-44.36623047801071
-63.989821024886645
-63.713944492452676
-52.35762176559093
-81.73083369065866
-61.815758168436574
-61.15528907657807
-59.823235932361754
-67.25256256456842
-67.1916277236939
-51.871684645895755
-59.70139099158958
-71.20227826020745
-74.45864864094979
-78.9413266057209
-56.93631155255818
-62.045216662964705
-59.333019451985194
-59.27950614742198
-54.56811209704546
-71.0510844381147
-64.93816061680701
-71.14794437854968
-80.55290893132977
-72.18033557145134
-73.03382328933161
-71.38188598524225
-70.15648429805113
-62.99875831081666
-62.70904293134075
-78.49330797115078
-65.88378751715324
-72.09248425757046
-59.666253164118
-52.96899456142373
-50.77057123425616
-60.362959803758905
-53.770174169733025
-48.43171771616091
-47.94314590397061
-45.69474705529527
-57.59187860949473
-56.36800535135041
-63.12406003096154
-66.93481680655
-62.92305500576915
-63.55704049275423
-67.1527084084024
-74.4494736860224
-62.53486138747982
-73.6973228171854
-65.36748658714535
-64.16404773907392
-60.045975592788196
-73.55903984257843
-61.297746834594534
-58.025115046403386
-56.31433690999911
-60.7905514176657
-49.94656579963307
-57.72214853554658
-82.39281840982055
-69.87964615560553
-76.84717965277486
-81.1188210553242
-69.8138370362222
-58.66722518580453
-76.76952649718353
-62.43573099595809
-58.854135823311594
-55.59238711009705
-57.83983042041885
-59.023901839746365
-45.0077671304104
-60.82871030806358
-51.61127440754264
-47.89737745048647
-61.3661012624723
-50.972045202772506
-60.39820465363307
-59.08725938529942
-55.65604367397122
-68.38433870774898
-53.00670390460038
-54.80761526876776
-53.73376784817374
-57.720585036604206
-61.56110213858663
-62.297112313376395
-61.28444885891089
-55.31597683253289
-62.81034662632034
-47.27944613476348
-70.39913266147863
-55.8469165395302
-66.41790367440481
-58.08214330084708
-72.53703841664036
-73.05436185348161
-57.4099149092982
-54.49349010909609
-72.96034786027123
-83.54620761218312
-76.04731265955208
-70.1849669029485
-59.38014749167336
-51.71613670338012
-45.54749007892243
-68.0006748634435
-52.29476494615429
-55.400215701264756
-51.541486512715835
-60.47535972438193
-73.11272441445395
-73.8527057485529
-71.17752435449974
-55.50795357684267
-68.48995360226354
-79.59148354441203
-58.94581106613801
-74.01376209421278
-54.33526078633161
-51.278528064730736
-54.9374667617783
-53.933007810841055
-49.536182986540695
-51.50053967372633
-56.252308800579264
-52.031035138110276
-62.346418080814374
-58.70186207767281
