-340.1500726918203
-2265.9612374537664
-1625.6470840474203
-820.0699201219356
-372.75733431604374
-179.03281354886948
344.1023381362
15.856395922575905
178.5199604115775
623.8942366984314
678.7144824534988
775.4774893559163
745.8076079495858
698.1291285174074
630.3930783606486
507.93867031955546
588.4160602750084
662.3223307550933
763.5425567929511
437.79510247350737
556.1059946430479
672.0485778282226
676.7074673306521
748.2398731320171
235.92890614154106
777.1823806049248
762.7357300549708
616.8061320067889
401.83971578585164
562.7827285232605
798.8735978342891
788.7184596968507
779.4059847892638
770.6510759669061
762.6482669625874
675.6576069725104
566.9534706557898
625.3748301130216
755.163379743955
673.2829390034011
572.8194678639336
760.0918626027805
731.071211850405
855.5510891773131
760.7928574945576
743.7368326392128
636.4299233732139
642.0987214679175
353.2271753484324
755.1342415391921
624.4117318648553
435.28972084538105
87.36728300772957
466.6259037146731
715.1260836146932
774.7655763892833
824.8475634921614
575.5086884281363
696.4323317471037
748.8681708762404
744.1469646081821
476.60819360909454
532.0929419506721
585.9388298468563
741.3596020397758
765.7124598873697
743.0147854768269
24.077253042574707
649.1146339359511
754.3951005762028
812.0106130692883
110.40026103049476
578.3951125834897
796.633285233706
787.4873435825102
808.4438248023148
313.9509299382567
774.3428822845534
719.9936944403145
636.0243729855664
627.3930299693696
664.0829817781747
806.582312009137
497.56278387537924
768.1463405113512
615.4553323899947
81.90454924174415
556.9599601289113
382.0377992855933
810.3648094741945
672.8631821688768
14.22130486092152
589.6167141979697
927.7079718173082
777.2152065271657
488.6098745663805
662.75507878589
649.5300237538967
800.5022338127437
722.0185126816531
806.786200931688
528.4436313101535
743.8891512330508
811.624187723849
684.5361992062603
671.7615241406631
364.5624116114834
595.405183260934
643.2017146326752
439.04180871056326
626.7790371812263
539.4360563089301
653.9046798160435
384.19636624342843
805.5661208448006
602.9904284800936
253.2580028929519
846.0577539846536
743.9310200042778
551.4275765231627
306.9048937438489
643.9549944212201
781.5338593277681
724.2642187721049
797.4489046265924
624.9784885557768
566.9754783392499
760.1001935211807
693.7388414604417
774.6089506342817
727.0001974269323
596.0464675419571
348.12465325817067
706.1812043934863
54.26178706597731
779.2893958139653
669.6767932488847
210.95107278149885
90.78393900780449
739.319476223933
714.4358306525085
696.9830549190716
659.3675449389962
139.34449887097088
808.973968121222
204.83976112690746
730.7132876637373
282.2024481676751
639.8392238626814
660.3098065576677
740.6597369375971
679.6915255263392
538.7345698155262
728.322635225217
640.9766564756775
378.4415258165799
778.387949835615
775.8056405033681
725.1706327692209
762.313814002972
604.405022861879
550.4276065584743
721.330274006053
568.0060295699052
370.12931449880483
240.54655951256683
283.2978702269926
870.7749813069858
445.1722497302177
665.5775166559322
119.60450528995774
480.94349864166054
598.9667471506348
902.4973105191382
844.5769724956477
436.93056586146025
518.4649204513124
436.9720461342053
589.3673254188205
411.8756753911096
103.32896606467727
472.34808518621446
719.1482499007509
389.77475396198537
464.4075662193368
11.728345817028739
14.340213861990962
64.61135090171159
203.72274237753953
559.4503566051187
355.3136543380509
339.51601738588613
523.1317654682634
644.9124293845434
816.9861309618959
481.186089557826
717.4810190791626
67.74038314177025
907.5997427952096
340.3756327298288
92.19335975351017
157.75665219434933
695.9168329254694
13.767193284880094
729.0016831397705
870.4929601455121
1007.5417734089108
486.4114607345978
391.91703965213594
792.1037635675457
130.92803286267716
51.16259823581569
62.48838683974715
1034.0317426279569
770.758464897918
1056.365575416164
486.95927590178013
338.72872759215375
504.13946172376
261.25842767987683
945.999993112028
405.115232149558
161.4879418124393
549.8453063998481
756.4247193379365
721.5508666298138
544.3197576551975
376.78995394201536
69.79714563817744
186.4583603393827
564.8227393179811
785.0255403189418
288.85622756979507
49.19528117526759
388.3235625479932
35.52245095012418
708.1817647334182
169.08022136228703
797.2435910115622
618.3334034695115
610.1700171951387
741.7698477579556
488.83758465394783
668.2461108575498
102.2245378873864
72.38223347361415
725.3078417367252
399.1105754449498
55.626935814583405
540.2063881314183
382.72604041009254
754.3413342374038
372.32504443899654
609.6996960434587
100.31576432472797
789.8624156977519
718.0224222201214
102.79402480537297
275.3956415102311
614.4366040093958
290.05380151657846
414.4258121810853
454.09795022981416
756.1774044955702
965.432187795609
569.2026053541156
724.2269327593378
749.6693466901636
386.55599112221915
405.61418206142355
222.92778882671777
44.38840136441531
700.9135809667462
763.8205717875703
757.2753166887741
543.5265523518133
439.7755445538298
568.9227597465972
644.1006223988763
152.67400452096106
131.49700342364602
664.9094280507165
319.2152329582557
646.6624857745535
2.907691085496706
464.9517206265516
604.3526220644869
8.027174294353348
6.522082436088423
94.22509708001927
7.685756773379412
7.552801581949141
653.637480365036
794.4062085402843
759.9409472327234
581.2922962817775
236.39425901518783
1074.2168255887273
338.11207774645237
463.13894941337946
801.7446741602627
907.090652615622
894.960579259944
457.044488455092
75.49255069716895
524.6892836801196
87.26519074832937
403.546544227192
514.0069763097998
216.62138571275648
556.0792469677996
761.278059932908
772.5380660601622
684.5101461514408
675.2813281730034
600.5171167193623
601.5763656075654
616.3036839295203
423.4118896501925
228.53943931589126
548.9426575593839
582.8868791478778
326.6765962116126
404.85615861520665
663.8055229683122
893.1727370065155
554.2787791215497
154.77602451664418
396.294328185941
82.48400368253942
713.7566825798467
85.14668083926269
713.4179902632836
662.7393080925763
670.9422930863149
590.1018246613872
489.7063744866746
746.2593996951196
1082.3754581646376
583.1156220937855
584.1862978690632
312.2023182683882
762.8517045599987
647.1053978485315
556.5623074261657
405.46814378740027
48.72111745107114
1079.8420037350052
657.0906724817788
567.3663689338853
572.1301789065786
299.785439825026
465.0725453263629
446.6246682068536
833.7033506842994
994.8724051521986
814.9202208409982
496.46151951483205
458.37107356469335
631.2659940942466
227.84057936689553
866.5020501199457
759.6726500273411
472.307258580937
765.7559598224926
703.089866682458
256.4781024334966
1030.9577710219944
938.3813158261252
514.8588593266064
315.787591243902
566.8515123054992
188.56754884225955
772.6232319459788
369.1134081975333
954.8116959444119
891.4523864039667
743.4079330012046
335.7347418824827
521.6229116193957
603.6169786166865
101.00398899762706
504.25536380055297
531.6369151400469
393.96285949361504
538.415729783097
611.1715140017192
847.117143216619
469.9630054850562
861.8150219185511
398.919525010808
145.48782901775292
786.4743980253514
13.844883515069737
753.095122716448
797.24729623674
438.1919552215733
104.25561762721634
572.7061550352726
841.859147733277
914.6510341566811
17.458433664068167
359.67334111120476
617.6634884763992
432.8452766688951
58.514370996428426
503.2008046037665
187.28798970205875
346.2361496045549
165.82883017495914
601.799040103733
198.43163699750605
533.3655785505864
707.0305316530411
861.5009564744332
24.04983679478331
195.93523573839252
897.1798098955069
867.4319743560762
-655.6742368305299
-459.7488085636226
173.5010643967974
1048.308320841469
733.6683196330579
201.61169210455841
297.0638481189768
281.1201194285703
829.4194253603986
217.42117532128705
513.1298284944983
447.96183152794185
137.29973704269844
665.9518164274729
516.681420941591
707.7732318062567
43.44781520223879
466.8058474479528
701.5887114560609
707.4663474759805
193.36628958220535
675.6755318004356
995.1023993473455
1006.1132808998749
583.813173332907
370.6196674534979
602.4747582559731
186.60688350635445
761.1245508166767
944.0378607698088
458.969363455266
580.2416989047119
324.33848989213675
729.6863137020979
1153.690713299644
909.1322950315979
869.6579680067078
611.5512572392076
336.58965417414134
617.9260178007191
920.4341332408673
661.0866408572475
722.072407843531
692.1163212155809
57.83227485021437
589.2563405924113
740.0087704011046
1039.2458061329826
842.7731337199242
728.1085277759597
25.802826308820567
195.35254852038503
667.5657293975302
263.66970005199494
611.888178072395
541.5293911029323
688.742750612711
641.139650685856
580.4464502657432
941.1640811987913
946.0647281875017
82.69240905091249
41.912927184040804
85.20607108085913
696.7100685048279
645.028588753815
431.2362352333998
876.0840424819658
559.2528139304147
855.5530567331655
857.9325056362803
657.0813716889967
167.46964452761844
436.2346725738024
569.0842377389221
782.6034037446416
35.40483544899011
44.304103511445994
322.1141613353907
992.0484842396152
622.9589368179818
286.08866567034534
429.8817254520894
723.919412013664
984.8646732773576
840.8978252662569
707.575776313956
1006.4123226442457
546.813843856668
551.9165668176527
648.7923058834923
37.04053343530528
253.31890838705212
716.83992783126
127.07810167331124
467.91313482809943
353.43971214587333
524.3478093187379
240.57943251327907
474.32442061022033
186.88149781332208
811.8037999280548
641.6455110755381
128.51029640407617
447.8746193990801
487.4401682300537
468.1495523580685
637.7733680193674
390.55428073284384
639.088288166753
142.47824256052215
406.6379370959253
647.255380241189
768.459334957939
480.9657202974967
92.09387854898404
862.2519754205964
521.6465984717153
832.9893869514933
502.49531289394963
379.0992705206005
548.8951476598077
56.66800861682797
858.7007133929856
241.47085673684666
511.33533608165556
555.5511603483545
463.2801807517121
244.84798026634593
599.1335361436331
220.8905660793292
412.4319957634775
821.6680315552392
633.8140374551865
103.41655470022796
179.52435914271467
739.5346365400882
341.5000943891004
890.7203215709253
413.7934478579232
957.841705363568
919.9407598473136
146.795171401753
783.6131194853003
282.5149309232581
399.5610868123243
653.508948325207
585.5240525495159
603.0856923499072
358.70794126731676
115.04699273520094
40.77024049410437
370.26473912245035
692.5182130987062
786.6263291192339
817.3719291903242
500.4508805658534
703.4835304374831
-378.47028040108967
555.7463393026803
1054.5942860223406
-291.3582292426229
75.31316061768699
1003.8062765846819
602.7045797049885
197.0007971739276
568.5770404860953
662.6684886743917
609.318535406416
205.14180303663125
967.8477833763626
520.6347848997367
12.284917336002428
1018.9182279821996
1501.1032640828105
36.15108516879978
225.1633929227313
476.5037267479404
849.7593429951619
577.1453234107187
539.3227432877987
169.44789230850535
399.88432746370324
413.9673461771564
41.684141339801634
502.67673833894696
274.2666774349303
258.1789832512514
128.18409096278737
578.2486900915264
424.3838003006264
43.37444360333118
750.1399948311794
92.48148674752825
487.42496177830606
521.4916971397414
216.05778961728083
146.89406955354653
53.104885250554915
244.20256846605292
110.44717513412115
402.5676009638429
781.0765533092045
343.92254660383225
442.77082646633903
944.2172209668485
512.6138267818851
764.1593500040435
52.18496470144129
902.099204474991
246.20167536916847
133.66671343338103
65.86661268259667
872.7571149559377
328.68441925509796
1058.7892734628897
580.911031485985
88.66180204847943
461.5972957054853
23.675080962824275
18.29092950392385
449.7329476475363
1403.238599873448
749.6447255034822
295.549492736614
114.69560705121835
463.4850410888945
318.81203489461836
100.84841840127405
292.5887434519567
375.7671302472107
341.0347368724687
47.67275196453558
159.57587775431674
759.1561967425075
799.6790525505274
877.1703622262959
256.3696569908194
292.5048367044597
340.64730192482335
1053.1870048215892
602.2884489049382
894.2342523089349
1189.1199785493181
327.15294750576464
690.2306115094955
920.3753999627645
-256.23005113701026
412.015902618613
621.0114056514836
256.83636047557695
696.5416519924179
-404.73759260862903
-611.4483408648023
947.1105044932622
260.55135276344714
740.3061349287309
327.9187321809473
24.38541318626084
123.95095716853795
688.2522307917266
822.487231283848
653.6837482835195
80.93502977851207
872.5339214262817
615.0705993132856
643.407048720089
555.0892435028682
1229.732628917642
1187.094036980869
751.3165278173162
1069.2528907401402
430.3631345300415
606.4624935651075
616.5824746111208
296.0467064811576
659.5211348601963
62.15048338621389
494.3433244197231
729.338326892425
1001.6922648190501
731.7598557979677
389.5549328279912
701.1278917999114
39.26183742191778
450.9254379341941
427.76962252141965
234.64489970701732
64.17452501887965
82.4128262016468
404.1443430665365
659.2458427280852
1133.3835213798648
621.1724373344928
467.9415243757218
325.5173692291288
751.434325087869
614.0003000765521
-303.84235365813504
539.4071158605876
245.17517541342494
905.8641797596005
621.8634309937066
94.21956470736639
750.5219775714071
890.7091817908894
806.7372126968868
472.2029230975302
395.82004371139055
68.45801580203629
626.29613623553
518.9152382131589
1093.6377504170612
395.11049880997473
530.6575682213221
54.86710597229194
53.82064159757224
185.58656550795408
626.3906919460809
427.2996603441752
230.31820795922718
588.4537970677304
631.3220198610268
778.0252252763586
515.9869088029044
773.9625649795048
839.5730869422591
195.4383249683984
1190.8988416821935
815.724231600673
870.1343862644219
932.2003340421397
716.3103901132044
105.62199319928756
427.0258381814888
849.6650542752245
1114.7478447488036
354.8142468113232
68.17299756805701
692.7479603662144
419.23099716743417
288.8314692599594
325.4365022251949
431.6049540784691
968.6192427388011
664.1757462318931
891.9709762064037
886.2047603498253
547.4893037602244
604.8353008305187
838.7714406287926
107.22870300722136
124.7121173423274
842.4309251593227
724.8579289475193
627.1609061523228
691.200575705558
663.4440505730779
869.4165967515929
538.5014668705695
482.2555943970231
115.4142210722095
573.652208024304
775.0705004737993
803.5122352231792
814.4460201029513
604.5023018711455
948.9175027309038
1185.7649015512457
537.0379566527109
118.1995910283421
883.7494524564353
87.02871073196121
530.9876029700979
668.3689558038452
805.0682290055272
1204.1703896180684
777.7544178360164
895.2926202189333
680.2901309666663
284.8792277127295
674.2138142584143
786.3552437041822
806.9061494503302
853.8565772682214
675.7547778363471
530.9310113537683
528.1679451516777
372.5387689882595
646.0387475893615
766.38909748685
815.4350058299929
153.89620910206438
764.9726209769917
131.9630405390429
1160.9279633389756
1010.5120376325358
772.6645887706093
521.1449286535794
1.0404752121682321
855.5917916061303
947.4915297284062
172.9045228261597
445.41153403205686
872.7408338355839
785.312382952611
159.4124055701343
336.81074940211386
317.2600164891194
558.8353526309439
240.73219039581528
682.7405256072631
748.1640785363339
109.77549850524986
898.5016795132746
1113.4079971526219
598.2027544806831
168.4539963745752
114.04102391993398
270.81463836062875
65.5018166042664
841.2221049421444
1104.9615120101423
502.08763712558937
885.744097721969
1107.194876797157
245.80388426293877
244.73843575126313
744.4715003739111
319.64339054768914
1079.2674148570763
-178.12248821662263
625.3987756053025
1173.8059120467283
850.2656347824865
1303.9798927332138
154.00682068443444
341.59290666185905
692.6405782373221
513.8017646559407
304.057856355553
779.814481313919
305.42332016044935
473.31433710717585
435.72789829510555
885.9465037848363
649.5773889073165
1213.808798146308
305.8173378517905
631.0216876431919
582.7829881144594
727.3979957877024
111.48274696743215
385.19095880016494
698.5768688905407
714.257465948896
918.4071067219851
710.2517157769486
307.5159587588821
324.5369777861795
1009.5421131358368
292.9672272715631
58.8592257877731
539.2514868472052
571.7109812917428
1379.6177998913251
751.3962261405981
469.7505320578215
948.6919305689294
655.9061611273784
661.7941504227042
432.06678264211644
1103.481283512426
580.5457234686556
465.61435097122495
1157.0684046906347
718.6709168522474
505.504814339697
948.9605388720034
1127.9310112870808
1063.5602454320942
995.1640639143856
879.5099172398023
886.5134898461555
704.604726039001
472.54155026455214
511.94558575617054
416.0882294849313
797.7741617448797
744.9319082051279
451.30498227081347
803.3529344793874
624.6621601181673
891.1681815076212
483.14410546411386
570.9387669492498
689.5277088225262
842.7298622012954
881.7486952332338
952.7448438948802
718.7199351467624
1433.9737752689955
1216.3088700726928
1187.9419998835083
1317.71203669984
659.2695177912168
777.3000616384548
987.2469817796679
374.2101866651725
453.89460677959255
731.7357440044003
874.4800095656078
92.16431185039896
884.7781457721632
710.8852944233117
1247.8136659152683
382.45135911924376
702.8286698474915
1183.4629631682114
648.1418657991446
409.8081498134284
162.8373405656072
1401.664365460138
324.7567058405539
971.263509895044
571.7110331790269
213.01088422978466
551.1802209347052
17.50189543195109
638.8973000862089
1074.0933247769206
1603.5112780247428
243.24998235050526
828.4417270150612
24.92177716416853
1314.269017748442
592.1457506475381
878.0000539123006
106.06674656343415
678.2314320775286
820.7509340344108
356.2579848978937
1022.3609008093865
279.00865373412626
44.45671892077844
248.08573956802175
1033.0830509796913
436.6172875898284
616.1991833505809
819.0675505381637
1088.1557974666655
692.3961034885058
597.0111281827645
413.09133596741947
177.06577410961023
396.1705195800735
1371.5466461014698
319.9419723599988
746.451466417473
519.5428307667786
586.949813926714
490.67484326074833
921.2717356018833
582.9046171039447
834.8452899914703
849.9513093440303
129.31140558143827
388.6013726926424
534.1289634509341
694.9882733787516
737.6219064901635
744.3083649252196
709.2190552141601
860.4291016207621
64.93895181466604
573.1714005721121
515.5433625655035
733.7771544415251
1011.0466965650814
807.8686168981202
1003.2836132652363
830.4442230448284
1208.9059308725614
694.3247701350167
977.4518706275151
723.5800561198059
662.3733185023192
1422.8337091581222
193.20391373994426
1124.8948474027936
282.2749527504454
221.19992836854868
1184.618469497393
60.3453132009073
484.3987636269464
672.3380168666209
439.15460077901463
1289.4849501756805
718.7788778539334
820.6056718948381
619.0770156096413
577.0998774943196
476.84921102167715
360.38552851951766
917.4814936475299
769.2247276867391
1096.2543712211104
644.4632264225354
827.1576618436409
473.9443476690272
856.5131332047163
642.2832268126507
1408.0510148129056
1019.5012561538215
847.0750959531719
553.8636885584426
662.3355321706405
785.004770191548
690.906369871945
93.4823388363733
658.0181905794473
540.5476028846446
210.73286577638703
201.43224887983297
68.24419140554922
610.2728917918657
623.9177638395828
864.8439841108271
302.60842479450935
398.0902066532392
242.15232104377017
580.0562397870902
662.243180712978
353.9544235130817
812.6422770902516
413.37955897018975
119.19395634005016
381.1946888420364
498.74516196444733
803.5319076695017
726.6429276038665
986.9726426201385
637.8624853974991
954.1247911999067
1077.7981485563873
848.8607157785505
799.8473203542034
652.294427599048
770.4055760482513
650.6288632649337
697.629136194534
684.8885487771303
886.2624351996332
788.8296241515184
793.550043446765
99.87686509576399
882.3547479948843
765.6807835590118
-144.08820864971204
922.9838554916064
645.6940124131181
666.0177115085554
755.4081547213273
1162.1945193217439
628.3471184208967
487.8109839270967
845.9964053876984
607.2095452217395
62.13297826074477
1201.2928510059876
397.1725728542049
515.7561599304781
535.4761125872164
849.3875673032544
1086.585797388779
724.6990691593819
926.2887124319537
734.5956674544494
200.23420377385577
96.5538761393805
498.6397697056042
864.8796181247313
505.2571841190223
75.77054945867768
60.0068077309551
978.4845779843143
748.9335774934697
623.6066449796182
700.7553153351441
359.5667324687372
759.1396563943022
583.3199465147026
186.29264743898858
1063.8943780469288
868.9928835271985
244.54720994144935
570.7008162528668
527.0640994621093
1132.9783804642786
838.027125280417
530.6064394328876
849.4177504732351
1367.3666286439795
229.65736893008182
905.0440656170572
682.2384914892543
622.7875798881425
938.9930235155072
748.4953357930011
837.3558919977502
788.5413113221425
680.8218182545568
1111.542083601867
449.4881558616026
374.1682706618175
351.3583215438241
834.0306527739756
746.8506898787658
110.26696524775119
907.0522333761531
111.11675786919983
305.0262294440415
504.0823685770041
613.7183940784413
465.9483314440056
354.8096177745848
12.238697171024539
17.048939276830662
1040.128501977306
567.8446292408006
722.1377837852795
38.03660560610851
1286.1668142517767
1187.049981634634
720.4867686504601
402.62025927768786
1394.850151960537
1543.283585703314
830.7097012123622
868.5509892473552
924.046969151855
723.9978481337176
1184.1113718176127
1216.2656864613962
1414.7904226657058
225.29253515275894
447.95240494784116
463.11587351581665
698.7596571250243
807.3606877896324
714.5914230417346
1222.4808601567888
1373.497493085816
859.9597834363085
1358.8402464483113
1018.7996675903929
851.4400597502154
620.6148011428579
1149.2798465538222
621.8929938748117
915.6876543189925
739.5788238526192
880.4013374939886
409.4704747348914
487.42229776819124
485.3574148842031
374.0430034232878
1496.3784049293606
587.7052206908835
698.7787912946968
170.97302753027165
342.1419379465631
473.9749273244438
179.21141883646825
900.0163250234161
565.4969556191163
1133.2547178931432
479.994943486545
1278.1036816629933
188.0130463750689
1040.2860708126284
757.3435212854373
1344.1833664779176
843.6360607991861
1329.5463286867005
1174.2026695234085
1453.8424974325162
1447.3299370512686
1061.2421726669752
235.23825322275113
1111.8348097616326
876.6272670931045
1205.1413807503511
295.661437107804
72.00433597420829
311.03826610703936
1053.5342218870242
1305.757536987144
849.4861048602314
454.31390114122627
1539.8190750727263
1522.5719465672453
52.998488649006305
693.1542595343608
356.25138109950024
938.1134476615564
797.4239183479137
677.7075708778326
813.4204114686515
707.9314811948706
560.1697494768084
1058.6726370182164
669.7200729391793
831.1794522491293
772.0204812610327
677.9622220761423
43.958300732890216
59.257963079048736
915.0547040881902
745.5497967599841
618.6346944420362
156.87058016132238
805.8161752451316
693.978242572847
18.462960192363067
66.02822258400664
856.88242500125
582.0214510189555
33.19571785681099
626.3013988718926
1218.3327964718728
25.237164054115627
734.1661677835837
914.8217291633209
735.0094516746382
1217.261579627042
1044.6666497560814
597.9006991345422
718.3533746686024
1230.166900964672
1454.142915962144
814.847244655233
65.67715884628217
1086.5301135579718
327.4184279691974
1036.267512138101
571.8340336925725
636.7371540012822
616.2357279698311
1017.0883713893944
815.8656186277094
1019.7988864833603
984.7432854828305
937.9087775975015
420.9830967165325
631.4287979728849
410.7147749450159
10.093233680232489
651.8602105947291
1097.0536644643423
1068.9536547459857
723.7517996803006
1109.565972996859
920.8950226847168
646.9682470933815
92.16377684638516
1031.7259930316309
842.1350248619419
701.7317795480001
665.1912271209543
560.3421355463372
15.281331448308455
38.51191057033252
451.36497209148393
819.9327419532294
79.76708032266181
1124.358972594115
1015.5767937885623
1101.6108027496093
1005.5849898322901
766.2100607575511
598.0402123728461
820.6917129387684
982.0088231222446
823.2600275991848
657.2291241382112
1164.9666332370784
626.0259644375238
396.3798986100365
1242.3451727810263
952.2033478402186
1134.534733963084
200.16556836210725
1253.895285719661
1337.6826938127726
702.8095746569703
414.9968798750333
874.117337287523
946.8237995126073
749.8592909175557
1200.6156099556279
42.376501272753785
662.0728871734507
728.6235278655596
831.5846131540741
14.52061245982416
657.5490453319635
637.0774740630941
440.2668495696199
793.8022230105554
755.6204999816796
1203.9845674685075
764.2608914305171
1312.3001261446284
780.9177701608419
1382.213796921516
336.66218696200633
1417.9131884325082
-151.07984697008726
264.6137270720296
771.8111660129676
220.77865378237516
577.2694183309042
62.20001358018606
336.6120497494892
641.1567107527344
1057.6441560877302
973.6694022931123
1311.8345373873265
1008.6620431538845
843.51868737069
1001.1253688117449
1302.011765674552
862.8350127507833
992.844496505439
1314.875742296781
64.19078828674006
993.7432465081422
47.994642620504564
921.2071208003974
1002.8559453772973
64.67493011783151
257.2831763404265
671.7969615829769
570.2919636420065
974.7130664521508
911.857556253364
694.5464559005893
1112.8090266945828
1290.4753794199357
1390.5482326184037
599.8610893977241
1369.7114061254601
503.9749173462835
416.0405879130484
1305.630116824522
1382.2795101654028
1388.313897860938
793.8162137854401
742.9203151945027
1431.3976584889647
1292.8708780540908
850.7370587444652
609.5182938467693
905.4371313048588
591.2956226654255
58.08995353102004
720.8667861554147
0.10861475154642763
215.49053812197997
895.2775460574488
1244.3537810873763
22.376794815513374
1079.2582013593624
1489.223315699436
388.9167698909668
1533.5991026567872
897.8261817680067
420.2382559371497
929.0030923710968
1092.0671121437524
877.6432594123406
958.0323439623338
991.9137768759805
858.6541339982701
1570.2984664387036
1026.0762445427386
765.8272373625356
1308.9417781130858
971.6672715009395
698.539716097059
988.2902622741436
423.0820666683376
635.864410289041
835.2606242672455
1405.6678412203123
223.15158230520584
89.0003550712742
72.1587639282631
451.647492990449
572.8414120246052
263.8897839025684
825.1863574096935
773.7054439865005
545.8715469448186
1519.8267247514736
210.82804991372745
73.60299305901603
1310.867589637988
1028.5822134438808
879.5964233066456
449.56989117810014
657.5299963764285
299.1121059791828
1512.2958146579135
1363.4596070644552
855.2180249640056
252.2596814507852
72.78494781143999
669.4109594344429
1327.7938583091118
863.5257408555101
1250.0520361003814
112.35426740062171
38.75117751468302
395.5489633819266
57.55225893954461
1375.6014218353198
694.2607106890963
308.8262773402866
830.4380596367993
1216.240968302878
369.92343435162263
526.6542274772771
967.9293777666046
1212.0512105378564
992.5346369639656
1137.6644691846489
685.704862985216
1491.544818855433
1250.8149438837909
599.1828553700175
947.0809121857467
448.45315595564045
194.5826948309916
127.72460811036711
786.3939595883741
359.73402426494073
377.33020943794367
1262.477416466154
289.6463387051045
1158.4327007473707
1328.65662233471
454.85418368218814
25.441924526413505
1183.2270771470364
1338.670535004871
535.1892233570749
473.41216507966044
1353.2010585219084
705.2217938005324
891.7751901501856
35.94604185565688
695.8487021380931
449.0639127385139
566.0542970341621
89.83907320898453
136.84942960961865
1335.9854173242516
869.0150845842214
690.46519933359
392.47627830489716
1075.9017752631878
890.8703446090523
446.6098331717128
1000.4711479491586
223.39411367359307
866.0038078813142
1485.9661987486743
463.4010511059595
727.7766498962619
760.0217622471608
715.4954592165179
659.5813236043973
44.49596422367651
164.9080344541801
433.646882622273
596.0798368511183
845.780872626794
394.0400088235078
664.7143828547219
530.7583967557256
161.93831501854515
957.687373688285
570.3042875401901
582.0624714769322
1065.6874869046844
952.1255797102966
1171.879534439031
380.3061333724959
273.369796969252
795.7663610381184
670.132029709898
902.4212344193602
358.9663001135496
436.13873193044833
262.063040575432
777.6524378662657
584.5417777263531
1273.9738408310072
1017.8387475154649
1093.887723449548
550.4099133428771
1037.9758527122892
1179.0574778726366
705.2552392902962
1404.7440058379923
1531.372613674113
233.50703848809675
1312.5780810610725
979.1699702118119
1027.229157355707
1034.3078262368306
58.511721060568085
334.5602995149845
692.2757802048637
1337.0497262217532
582.6690872044669
1095.9206549062128
657.1299805938609
123.43919118927592
435.60312194363746
985.0238499421637
502.468901702227
1514.0799608210534
802.3255112591921
980.3862760376483
653.934949594191
969.2169046091968
663.6006483669577
72.25857734814193
905.8337696174649
770.2782482539028
717.1223118671459
435.2496875254195
1068.5789657298365
801.8894901551062
1078.5306776345503
-233.94767382605895
727.8407709697901
421.27455392034125
-1227.6451875128432
13.755694803074025
944.7715645507626
901.9465293461549
1566.1177986499815
1085.7162140252196
1212.5334186291325
1580.1544859122664
974.4699827035965
1641.4809195104665
1272.0414598812713
900.8760000562747
701.8615145824976
1274.2999739361949
556.3173655916992
838.4166611984499
1247.9157706717783
689.1028349010361
654.228460045849
1059.223517911573
739.0623162394878
1360.4582277321379
-228.01673788623236
607.6865326223799
691.5377125845558
765.0322477438942
26.365339370394008
128.0380367442878
824.5761315014089
274.43067722304687
764.5041931206379
850.2896040763471
1103.0812595141579
1459.9059511334312
1123.2111459133016
1325.1601023670098
864.2861426390795
1252.280233144694
1206.3818942586713
803.1230420658105
-225.26555946819138
1533.6400758657596
-160.00722023588452
189.00131945799433
1053.6376640886845
1017.6844686037751
1502.2343800376395
1210.1416290404823
182.9853917200082
-9.595437436932592
-9.857650763299795
1320.3158668460082
1221.2509137507316
1230.6083072137953
545.816251314568
975.2697476619408
530.2208605065942
418.31035204815674
417.7571560658988
1332.3644785647157
394.7782119646517
402.6442746681032
854.8522694888618
806.200237803181
806.4156263179337
487.2480469028146
711.4772366993266
437.98965114381025
15.204016734949764
992.0811110020676
696.9567580465451
810.5584112903916
1270.235643633973
-333.26026029288295
480.7398580707025
1124.274847082857
976.2417926224715
985.2732208829813
406.2469479019448
271.9216271247659
387.4103046620132
1420.1653194431158
790.1298760385826
1349.5828072264435
1095.004532221823
450.2809023527158
1301.419077214441
1384.4759234281073
1102.2531741291675
143.1782130805496
1412.1600658728435
567.8021055584982
554.1178946564154
520.6060137582974
304.3324804240553
1009.3293820946361
815.6719077580112
1888.5145037349175
-512.884778641499
94.15596018796248
1492.2087850336632
562.3652036730156
430.1167432728838
635.183849465758
1191.2036809008666
1261.9185064057294
1573.098894715723
749.443893994891
549.3852446953385
458.04588222500684
200.23083350001625
651.8827574482307
-1070.1661972713614
1287.7062468564172
362.7371937257651
861.3751803601801
653.8180730220312
1114.1728254535265
-1788.023470152306
288.4513134486751
973.5151285249596
649.3504670329186
34.80123320448475
352.96781917010753
1392.2738768139384
52.39922632542073
1159.8480005351098
484.67238509895697
-917.1298531189078
437.29151519628346
1201.3589456154464
-53.905252066600625
426.435357919453
187.25104852715717
1625.5474625367451
652.4793966331789
924.1209157386547
181.32252245802528
895.0993814023409
1254.082855696598
1123.9208491334082
1435.1494201364499
986.9369166937054
482.5666697719919
320.5774568129172
669.5491476263996
199.67176627931636
1762.9444065978691
660.545994956239
71.41884889793758
-572.9248953744919
543.9682563844359
428.5109066948492
861.6685452801499
634.5239123698005
592.7190302771645
91.70141795563731
911.7830169317921
1027.6761066117106
758.0692745452366
624.0404797563112
352.1963852502916
193.33264460804165
1720.6275777887568
1342.1607040057438
878.7152004748592
811.0181471705022
240.07869424950434
1180.9175980201815
1316.7670171211205
250.44613673622598
934.0602580636267
587.5358962627549
921.6069154043298
1151.5081251183296
492.0551439309868
1153.4601799703078
1013.4627741900616
1561.747680636906
601.8917294323554
51.08745287581915
765.5164527446186
165.1379030428864
533.0336673449368
1255.0775518450096
422.824678218113
370.30595635815297
1743.374867764615
1535.3964197689643
1777.7119108320605
1403.7600159896347
533.9885474618229
1330.792628992938
345.41447870547375
872.0642457384331
44.817901278550366
1003.7292773199828
1433.6427109814322
175.5174189364756
565.9049084686415
665.9908851042644
1052.2158791574602
-956.1942003031094
933.1826039659287
1104.7331177924136
-425.59218685708925
1058.5771227800399
997.8838380246657
1651.6797878545206
632.7888648550189
703.580986272759
271.9777554239079
298.16684721499246
1377.6623469110211
655.6837009008079
1377.7032320505014
220.5409792618796
191.9132163237783
20.03421962251521
1483.829527408227
143.39109179309258
179.40509419792585
1283.0366312236267
14.820259980150247
28.81507826411925
1178.8068691396397
713.7962861034849
282.2870607585087
1017.4673403127704
731.9005067943947
332.65557778829816
509.2545445584035
557.3456900807857
680.2190771066985
1109.6077057623074
537.8218598036947
-403.9248233031212
1157.5547925931276
903.9669697452405
1798.2066532937652
1229.7845410699608
113.97655619744846
276.1569679495719
1120.8789666768978
768.02145078966
1252.7770568243614
1196.9054541339294
1586.1556399191031
687.0022308756104
729.4420145221819
1387.9190032793097
1010.38541548941
989.1734883805923
79.41068428696781
816.5596506451965
898.7469958760619
272.49632324067363
1242.3016900057437
1429.5504892443732
723.3011050658183
1418.2304836601413
-613.4189274535984
1156.6776806482994
10.523876060131055
743.0441851153196
-1196.0439389232783
1404.1089472189583
298.7102596961423
121.18647370410379
166.9819643664837
313.8174039148979
298.37551327850747
1579.5482132945651
1459.6738795897409
1194.6357083285036
203.1403741165109
1466.2188810716927
485.01967224618755
1573.9905780772215
442.58483505447055
9.735637792222889
1128.5636747197332
791.2200472259782
880.2478337367796
1511.258348242049
1199.0592761313296
809.7926579298615
1071.4324470591268
844.8290384982573
1052.4622616482602
93.19192411557394
714.0013026662069
634.809768776904
1569.8777182519161
233.41415551827964
1076.9944847634463
1451.703006520374
168.63161478125818
1011.2929392579799
34.67238451360147
161.46336319690766
88.83980222920897
287.94948963799357
868.110387318796
1003.3201974705696
1182.0760399432725
141.84379659423118
81.81373861687041
701.8842030564558
1092.0688296394476
457.6139544645058
548.129274699945
923.0700931102346
920.8641339748979
1028.0177675481868
1511.520283162408
849.4545730628311
1197.6579495402382
1121.3896186289253
-110.41352473016485
459.8581658082065
281.0285646969389
395.5772760124139
736.5431752398268
945.9209621383172
1497.0827388735438
1280.792473249613
610.6249809519963
207.79703550117807
1129.3833544272743
1211.0516422530425
717.2408103610743
502.1710141124951
946.7000591194372
46.71126952646214
558.3970348008812
121.98946394047141
926.4933731998364
522.25084930453
358.9850264753728
168.0504722280964
574.9624336144996
26.20968787433399
175.15346152659578
-4.588596300697716
106.02945032350802
-520.7074887518075
-425.1983592015672
-231.48878110086426
1308.614411865134
1651.7473825564941
1873.2142253073794
991.7518644214949
932.7709474062619
134.5078388800192
1247.1230745260912
531.2852418960625
540.7238189205674
-697.5125708904378
143.26814366453925
1009.9780914304299
569.3871021856925
729.2601076083481
1739.254323199392
1097.8729452479945
1728.842658865827
-286.98319897593666
-513.2487128238984
49.098436293061155
-666.093224879631
1000.8634600839537
965.8243211992758
1748.647829846736
976.9157954308521
-84.37969588948424
1133.3071288909666
1184.5230293628297
175.1880440432661
1258.3711227818749
754.8105819957341
904.7134619729487
2105.2382472709737
45.30014404649772
965.0389724690594
-1969.2714742710723
-1633.15281534712
312.06895112816494
1445.8166340953424
538.0103790265455
528.9075157536137
2246.5776448209276
-908.6334363259148
371.28106656001876
351.2266268596993
77.69652219183095
-1220.9213478704569
-1083.5022986193205
454.93911719638186
221.93065636809047
1143.1418690771802
1081.6853882512455
515.4964985036866
1460.6159169508155
1606.8999466431985
45.32245588973691
1145.1204318437658
428.4925083581272
69.18296208601312
1206.1406086098166
2108.842165700578
1068.66071329633
182.3975350944376
475.0197272861362
319.961130627146
-687.1831219588752
460.49450461864984
1156.3479142639876
399.5981605616662
585.6298388058101
1273.4790526647096
1623.117674757803
102.43559235971307
210.24085521406846
1698.9307858257237
1429.1573771307892
1636.5054786806597
1187.6936550635146
1246.8334403537933
608.381711230384
1367.304893522743
213.34742505611013
469.9041969059887
-52.48728209837755
1408.969331505119
395.74565325253417
-1142.600060289327
1093.2770319140573
1445.9898376612152
960.1098910210409
-305.7363290070268
1155.355284012734
1318.9121066255486
1743.0058630544256
535.1888798014755
-724.2980729553044
-179.2902509391953
483.39584188689696
111.36896049659492
-655.828699379699
912.6620984839544
-429.98026857897787
-251.37412937539284
660.456300756342
146.73746364448232
1521.921048702332
909.8208241069149
-880.7492597055382
1.4838842115352722
1099.284695039778
402.03876844906824
103.41854566194505
-1204.2119859605557
-732.8544642357722
396.01884250239
-594.9387657359322
-9.100828195321625
1002.2984272557269
41.84305375863905
-444.41419590465176
-479.3088054037261
715.6507556030417
608.2032227371102
-892.6799948748654
1314.206431355301
1211.3394478241237
1014.499574002008
1137.6727593035512
1347.2133847554705
198.40175281936195
1547.136662744932
1730.6658473551474
-547.8143985804409
1654.957090416794
-1195.4123809035818
1242.5423340757413
1007.0706460454568
518.676193097071
427.5849880123124
-224.32347664184908
1073.0660144990334
1499.4411913357742
-31.872867540725693
212.99714173938654
1543.7409561657212
1936.3466632994482
284.14024595812754
268.3509115394105
-183.42793728797534
1313.3423762403747
752.9374186255205
206.4377019958894
292.68577648203683
956.8976642222465
1708.8969937636766
1123.901486221835
1578.8731921290562
-1535.007297916238
1834.8083303887481
97.63085244874209
201.5283971775496
730.9688577976234
1362.0055479428347
1048.7129653358552
1105.6222665514015
1751.4896314629038
-207.11497662386532
226.9292019202333
-4.367887143180823
-322.0320190545499
292.9188685277654
-207.70463870778076
1645.6726763557176
718.1339665669055
1489.4905290948338
742.4001630602693
1100.459957502939
1639.3689996466976
1573.196696784183
739.7419281301674
18.951354042654142
1518.5234279536573
1562.0494323194082
772.1989690649366
432.3931126059443
-534.220264121526
1286.4457020968105
76.54555568753801
749.4529234995563
516.2005934916024
1364.2588596574221
114.12846768074466
767.2005736208895
220.83206841112522
495.0504090373342
577.3878731069617
1016.8375118822555
55.37430936627713
1361.7919418706238
1459.1377760495318
1238.816279879672
446.21705514377794
1662.6701072707522
-51.07208472818253
-26.120848489109058
537.0838814361048
-413.7342072836701
-872.1111066613576
849.1834160044315
545.7956227925984
1664.061198166202
1407.8805850155882
820.9704633733224
1410.566151993715
518.6691285608754
834.0300547138906
176.80349130818962
679.6756187014645
463.1483942587821
1081.1174568861911
529.2065491469626
278.12682288353244
451.33845294697676
1861.732100894432
-1478.8452839630645
478.9477227812489
950.0101930310559
340.2847239641795
1565.4389017064248
1216.739309317562
453.47106116769146
1852.6326849354607
1984.3046209665272
-27.802588257042622
825.2272142058337
414.2862740429516
-5.96409433845032
203.28064884227283
-201.27462734611632
80.02480133287524
490.6803293245497
1660.7842696629934
1177.9747629406068
-124.81459992412903
454.67569039318784
1443.4810914655513
487.3137377618751
1782.9660237110652
-1149.9434087500288
-1540.4796645305748
-258.76677913743686
-5.211250258889436
1342.1076575041852
-30.074988436740625
507.24384618339855
317.1385429698862
1302.2501000930145
1936.4558710770148
1206.6569994097763
358.17500093945677
1033.192905754222
871.9566803077864
-58.33891695810283
853.5082859525306
842.8903302675915
1752.324110325881
824.3375861710449
-108.96331390036788
151.0202943274924
1895.1502666141935
1479.1274783489314
1306.9447659363288
600.3635696632575
1347.6204974369666
837.4445991012695
1241.8668084093422
335.69775180196916
340.4103688786094
698.8709112968975
713.0929471697093
104.80674215240526
820.261909315444
1647.793846103866
914.12571451748
199.36201784987847
286.0109168342226
682.4639139059642
1798.3949001318542
1396.3608578022693
713.4668982933167
397.4769005247148
538.8218393517719
391.8739151119439
377.1413040198437
651.217730527378
2242.5491177591052
1614.4078951573915
124.69688828938477
732.8233699905229
995.0607419589055
53.88799214368218
1730.3073025349508
-108.22503061426795
-321.78410484256
1491.4181062025784
-169.96970907161315
805.9231705962188
952.748759517625
-141.25483514419165
843.6728347224812
1059.5119899653998
228.63292774089626
1411.745584535152
506.30504315108334
860.0637266624501
1119.3886061389073
1391.8511517840093
148.23866211381912
453.1337244004098
2224.7781034548116
2004.1705460910682
1258.6981949838425
1529.1044651888458
1185.7510408447495
1618.0959390762355
1969.7676238046865
1369.1243486053238
1730.126988723492
87.8282510754779
7.319554859469291
93.05205715407686
1338.0576780811052
1598.3982444817907
1247.5351932875233
639.3837873472154
1400.5954641988535
1047.7398843765495
770.8623752009204
1027.0694286964429
950.2937332688674
1078.9304058176792
750.269268593057
1604.8872425447335
-112.56817549266283
289.9187933793964
1942.6675230545484
397.17839279212853
880.2164469047017
663.7429496121831
1789.1853225305033
2282.6424845389392
1886.8405154368843
430.8711594811806
1166.717363175168
1301.750489649516
1172.1520622525736
1816.531172263997
829.6435156089053
1361.1781098481626
1909.1017275355339
83.33798875441374
672.2946829586017
1689.7792446795202
573.9574247964302
576.8407884790054
2144.207517335444
1134.3123779020511
810.2442072326616
1696.8804129122464
1913.7058572856363
790.1778150482039
316.0152325934693
2491.3653431891908
310.14304629842474
811.5717211360836
563.860779897977
724.4476638082589
1907.116912695778
2069.738703634687
399.0061042839635
1218.1136110090486
1845.384113434397
1068.962693194222
1614.957554552607
343.74604952840883
1814.6330437139395
152.02461219445243
332.8922901426313
75.10388969842994
1669.6465284186181
1695.8098384961484
1265.3982884213885
62.17042775269914
515.0693361563337
603.0066737910732
785.1689130712521
1533.6920486815716
1759.7182699812188
1050.735922015092
1999.3184640414445
1745.696186133145
1093.2818467304235
74.2050481928201
1951.0732354862953
110.68385511669825
186.14658405894784
9.953126105409417
895.8311870043972
944.5853334967093
1318.5397033332504
1236.969367472642
960.2132249571466
-552.8068592270479
1701.4718750488523
602.7747114124222
1675.1791767702207
1349.0378778106365
921.7893975895238
2229.095583803274
-166.6175366645711
525.0329669443464
853.1974032811229
79.20546367283004
1015.3568799070141
1630.8500140388946
936.4796144680377
249.37646189338216
-426.6789119549925
2029.3440130077868
1082.4909663353033
955.101505942391
2354.148152188715
588.2279759279502
1015.4304805948752
360.5508937817152
326.9031480439505
271.69953156477055
1909.3786023830153
2049.920454612349
1757.1638360053837
1964.9804195336794
1289.7651212807073
421.60429166546777
2012.4402065932018
1707.2312018153543
1399.0880513735863
303.4185846703939
389.6661339619343
-144.16716595085683
789.242268808022
907.6490371814485
1894.4697097206217
201.17592259640475
1879.176755012135
141.69970604734314
2017.3607246569395
501.854045995637
620.1009703813351
541.1437365079804
505.87727612156823
636.4756943939959
953.1720871587772
1061.5337407783209
746.3379403832967
2152.3044632906717
1179.607159037922
2070.3467662712706
564.0589672404706
1349.5476640589475
1437.7646087671308
755.2910488175833
1671.689598586064
2131.45938331699
2470.5457746020193
1188.3745575745158
2055.950103721715
1443.5885038850515
1514.8849356671992
1569.5213796550067
1902.1999775430122
1433.1931337137494
1379.6691217862253
76.63017168739958
2351.394660912471
805.6298678378648
690.7603135508681
1639.9682404933578
941.6336336227866
1701.0551716453815
-201.58208956222904
1464.5335691924706
1701.7986760851804
478.4848079532174
1031.2869200277537
373.78651147217147
2081.364631192616
1079.8691927812126
1560.4692013395943
474.04519382057265
1409.9388109563379
477.1432948293492
721.4864222756116
565.2890588685025
754.1578377132863
1204.6680510314077
1143.2664850006079
824.0083093452924
963.0340775974632
989.7940952683472
1928.7284288790056
987.2275589836702
2034.218555101588
631.0398435917841
734.8171584142323
334.60760968434477
289.1719571532297
51.50567186866023
1968.659298536246
1375.8188356501953
427.56714050282545
36.37047765100144
1695.016334830846
1068.7840419129097
188.57905320715287
719.5040157829617
1462.3132902539312
732.7765154681645
2589.996014913808
2415.8211369476244
1912.9966410836128
222.462104249076
2116.928623015576
469.192323851777
1381.8736162234432
670.6718325433537
1760.6940144273974
744.4744764546789
2558.1600952399203
1553.6700995071233
13.87851287234491
1394.1791313423137
687.423616439211
901.2166067322617
1421.9882109989153
2268.3924757954537
1377.7617279916726
1774.0342457059537
560.100484308474
2090.324795057662
81.5902224123217
1488.4719592361505
1790.4681368983065
1942.4106148762075
1793.6284819588197
691.6338394740319
239.66040225026833
1952.6014008149853
678.2798424048274
1445.2344281196238
1867.6280338221864
407.8189147489031
2247.340406333756
539.6270970740741
2314.2186959585456
1211.8333862385018
155.67453353308736
444.1365162144964
1108.0618121325147
1642.1298107530406
920.7139615640904
1619.4952246356945
765.5385482764452
1181.9024174872666
1311.242033118571
137.74887302120123
957.2728417208939
1933.76167858814
120.855876692053
1804.48939326557
1018.8619809547008
1775.7681248988042
303.38690735990576
913.7941091385488
135.52572745940793
348.5407318319021
2937.873643525663
2100.1001006570777
1604.9405138428322
48.5147621836559
2042.3070939234387
1801.211361982096
856.297320397993
188.21900166069065
157.28148685761718
3.4411871044609517
508.106602863838
912.4289665073975
2106.5042290348606
65.30110267240487
1326.165927713642
1857.876090743802
203.12178305588742
374.18460031858945
1096.2940800469605
2021.7945083950144
1108.2549096492933
1688.06245323793
1258.7877356825318
735.5970624810894
1406.1213158638889
296.74603769070643
1150.5770750768838
1087.3684766004626
1674.1743023506056
357.5597796321401
856.1622156658367
462.44541835814306
1734.4054635088687
2003.3816179589319
1410.8013698379705
2399.239281667284
2179.0996744353706
0.2638197664018782
275.85205459289307
1882.831187094282
1070.088676627904
1971.722347051553
-978.9075364760985
2265.6898340503717
778.5310580082484
1868.2660696288387
2.7344420242693994
94.29451474564095
1599.5640197263865
522.9172094427475
942.3528690193333
-355.9327703088769
1197.776585657938
1352.2476422476393
1744.3589731643929
465.0422975402681
1345.3120270624636
817.2802992288031
1669.907984032589
2405.85584648917
983.4300299701185
2061.5982650127635
620.4989624991284
593.4600445233057
2404.942109421702
1723.4997657133617
2167.446046958045
446.12804608222234
1888.4332201056643
1816.2207454051968
2207.258889338569
1851.6023765628224
1491.8841778604688
2.5787346844029218
2409.6330827704346
444.7531951379203
1322.1553956755322
2464.306784461776
1986.9795316598177
2429.58139540632
2053.8110686213586
1971.3613129495984
2499.988446264713
1545.0418038476053
-516.9041322418798
2057.981657397619
1919.7370217595274
2021.445831818169
1722.3474707533499
1607.2514512624623
204.52698375701488
-1565.0320312633808
985.93632218563
-104.60412848457023
217.65086954846896
1740.9672514697818
1564.0945077461245
1653.8141356941073
741.4112894754419
134.53108052381162
1591.7591519340308
2548.881953783596
1820.7764840232621
717.159592145151
2474.0288240454947
1180.6810572819784
336.05728374492935
1006.361487062842
1482.7797204899243
1904.7259243938838
1705.471671923884
1972.7924683591848
407.5313935126792
1819.255387401256
650.8471302331523
2276.780032038836
16.08248592882853
409.663789981598
1466.005851532176
1833.4498603154502
381.36558026319864
315.19091273276655
2174.4178759139586
641.0401808030939
163.28821258055032
91.24971500599601
214.4542055723185
1930.9964674345592
1652.4882219187125
1890.9536172148398
1400.4229409676632
142.10822360264677
2010.7190922696955
1688.9896225059056
18.761428075083
2312.612412563071
1199.049816688238
213.6021477462615
920.5090933870117
2235.4007433909997
1132.2215205558703
1507.9931089260247
401.85082974758956
758.272619069724
1744.1889912561514
1806.4462099407513
1643.4585727458102
192.18535270436246
-22.755677155502028
2047.2064157921543
2374.9364845011414
2424.9011767355173
999.7961796580403
1212.3322623856643
2182.00761552639
535.3342715927531
525.5476655565627
2421.1885257623862
2308.8961000185027
1987.3612475840462
1303.740120969124
248.22932611541802
47.390171621538386
2112.591866352766
795.0651736347374
230.34566329341402
2157.6813154730653
1590.8609344935553
-511.02640635553354
504.109566239235
2155.1262268292194
795.8239689240479
359.4097170738394
2482.8737227569472
2007.4166147351914
705.6221685925052
25.012808276714892
124.574064901486
227.98538774208166
233.13834685455873
2237.9135142446266
992.6493454911437
1929.4820616204709
2501.069582703376
1051.6086436170767
1908.6427466383243
1663.0970677723785
2369.4037746081035
-212.46124111894932
1114.3620815850154
2228.2566247199984
309.96218632127665
853.1187511258989
1926.0959769509623
-1422.0758366779212
646.3340470553933
1212.4117161273514
558.4930539048704
1511.6809615496122
454.83729746720627
1548.7016217556643
1388.539053389572
-395.2036692227817
1206.1701459867886
339.4017422505282
585.9233356094536
1938.6125300514282
303.2746792081715
2126.584448412345
1926.839886514314
-550.3039882585542
956.6290996066159
-367.97498895720213
1453.6501039406855
1950.1641461924798
2262.028853012637
2040.4320326583431
2004.0178516397884
231.5716544196967
970.0017841991978
1937.3614547038355
1992.8841181718935
2950.914136059607
95.21947789433781
2147.935025716164
20.7047902060204
1039.7089914995975
-368.27216583735117
2217.0718003779657
861.5458490826292
1746.2581730984523
675.7004738898827
2582.0604121418046
153.08811472305436
2380.02116434551
1046.4242821014611
1786.0927339635514
1687.8657961602987
695.3294794044266
224.2726192819548
2372.918485645777
1652.8874870957056
840.6377572179974
1874.319101912812
2811.9882053939027
2724.889683870147
1717.97177565241
-911.1331446797949
127.45649492972504
183.1707284518008
1960.4705905488636
1524.659542640174
328.53018907021493
115.62967351451155
300.1475457655475
1996.283745373933
1659.104038669366
1052.0961261130005
15.62237652709797
2148.6444439517645
2130.3297635738663
-87.61823074748776
389.82036561008357
-1.1897474014796063
410.992116295819
1625.7251832582474
1330.8814991926433
1325.78513577948
1833.6320010990214
2285.883549229591
1239.9973924154656
382.0340444892373
2094.240052497671
566.7629327710159
750.9717510696778
485.14887733703085
1742.5766027772474
2248.0378101442375
2378.198118824321
1119.0223081724093
1658.081071874137
1207.5523165473517
1920.9074262397248
1037.4335065857235
1994.0691668133595
2064.8582583327984
2325.358580188932
2299.830230325763
2203.5558356776314
2164.3893574522467
1516.983163129488
605.6136070150858
166.6484559260992
860.3943306487238
2629.4252118086088
1010.5982921630958
1857.313153827047
1946.5398388328756
765.3449775331223
2381.7753380852932
2851.735183784277
300.282185672964
2285.461989369442
1258.8964057980102
2313.609441769248
1412.9032456219709
2275.391153893181
2118.1537846699844
2537.7324332464595
2387.253689884503
721.2279857228774
-217.67840148430912
623.6167359725284
30.724175195220297
2205.5263724806528
1279.8034268121232
1816.3056741527448
2297.5873546524836
79.25347398388982
-694.7645260828778
358.92773154179713
629.9650597863777
2672.590165269754
474.15648805292096
-954.0701586515353
2949.2838843639793
2830.434412960921
99.27654402926905
2322.081693969206
2522.694700317493
2108.7321688668535
971.3542316738562
912.8562343279821
2200.3161266855113
1791.2430430178476
1473.7347596832549
2204.517660649735
1126.11919341629
1913.7780597009378
2352.2144904738902
-354.3216693484092
1486.3668575701818
365.97265694212894
518.169144419731
1080.7589309236541
874.2536554707804
-82.87242333586845
1404.5801001612303
-955.0502397967712
2137.3655122852238
153.57241685880055
2202.840849554086
2290.070540771319
2152.484125278566
1750.3868911894358
2262.2473804099404
2074.0091116603844
1754.8178428394174
648.3745292038203
1421.3793534274225
1362.9626155295252
859.3734743303631
1300.2052371439495
2314.746697136925
700.234092191823
270.4967325318985
2707.544127597647
2318.224430166499
1704.9284601587572
996.3799457979558
586.7998011574497
1308.5336273373741
374.2383221768489
2010.8252408612605
2541.344662175932
911.6639910325508
156.4164352313274
2365.5994799880705
2174.224746092171
2961.0255018623766
414.22200531940564
2105.8325212593495
2615.3834138409647
1643.5421499549554
869.3339827509104
1516.2747415070978
407.3065778398466
6.423669517791891
393.9253433140723
227.1417207397266
-1328.1569151295328
1342.558465406873
1445.3216178015796
1242.5697874066589
715.6223264991492
931.1002974767553
1104.9970379354272
